
 OUTPUT FROM bailey_pset7_problem3.m 

 Finding all the eigenvalues and eigenvectors of A for a system of size n =   20 using Jacobi’s Method 

 k +1      x(1)         x(2)         x(3)         x(4)        x(5)       x(6)       x(7)        x(8)           x(9)        x(10)       x(11)         x(12)         x(13)         x(14)        x(15)       x(16)       x(17)        x(18)         x(19)          x(20)       offA
-----------------------------------------------------------------------------------------------------------------------------------------------------------------------------------------------------------------------------------------------------------------------------------

  1  2.15959e-03  4.10323e-03  5.83090e-03  7.34262e-03  8.63838e-03  9.71817e-03  1.05820e-02  1.12299e-02  1.16618e-02  1.07980e-03  2.26757e-02  1.16618e-02  1.12299e-02  1.05820e-02  9.71817e-03  8.63838e-03  7.34262e-03  5.83090e-03  4.10323e-03  2.15959e-03  9.35341e-03
  2  2.15959e-03  4.10323e-03  5.83090e-03  7.34262e-03  8.63838e-03  9.71817e-03  1.05820e-02  1.12299e-02  1.72296e-03  1.07980e-03  3.26146e-02  1.16618e-02  1.12299e-02  1.05820e-02  9.71817e-03  8.63838e-03  7.34262e-03  5.83090e-03  4.10323e-03  2.15959e-03  8.93692e-03
  3  2.15959e-03  4.10323e-03  5.83090e-03  7.34262e-03  8.63838e-03  9.71817e-03  1.05820e-02  1.12299e-02  1.72296e-03  1.07980e-03  4.19759e-02  2.30047e-03  1.12299e-02  1.05820e-02  9.71817e-03  8.63838e-03  7.34262e-03  5.83090e-03  4.10323e-03  2.15959e-03  8.36936e-03
  4  2.15959e-03  4.10323e-03  5.83090e-03  7.34262e-03  8.63838e-03  9.71817e-03  1.05820e-02  2.81726e-03  1.72296e-03  1.07980e-03  5.03886e-02  2.30047e-03  1.12299e-02  1.05820e-02  9.71817e-03  8.63838e-03  7.34262e-03  5.83090e-03  4.10323e-03  2.15959e-03  7.71050e-03
  5  2.15959e-03  4.10323e-03  5.83090e-03  7.34262e-03  8.63838e-03  9.71817e-03  1.05820e-02  2.81726e-03  1.72296e-03  1.07980e-03  5.83367e-02  2.30047e-03  3.28173e-03  1.05820e-02  9.71817e-03  8.63838e-03  7.34262e-03  5.83090e-03  4.10323e-03  2.15959e-03  6.96168e-03
  6  2.15959e-03  4.10323e-03  5.83090e-03  7.34262e-03  8.63838e-03  9.71817e-03  3.66399e-03  2.81726e-03  1.72296e-03  1.07980e-03  6.52547e-02  2.30047e-03  3.28173e-03  1.05820e-02  9.71817e-03  8.63838e-03  7.34262e-03  5.83090e-03  4.10323e-03  2.15959e-03  6.20522e-03
  7  2.15959e-03  4.10323e-03  5.83090e-03  7.34262e-03  8.63838e-03  9.71817e-03  3.66399e-03  2.81726e-03  1.72296e-03  1.07980e-03  7.18173e-02  2.30047e-03  3.28173e-03  4.01950e-03  9.71817e-03  8.63838e-03  7.34262e-03  5.83090e-03  4.10323e-03  2.15959e-03  5.40151e-03
  8  2.15959e-03  4.10323e-03  5.83090e-03  7.34262e-03  8.63838e-03  4.24757e-03  3.66399e-03  2.81726e-03  1.72296e-03  1.07980e-03  7.72879e-02  2.30047e-03  3.28173e-03  4.01950e-03  9.71817e-03  8.63838e-03  7.34262e-03  5.83090e-03  4.10323e-03  2.15959e-03  4.66222e-03
  9  2.15959e-03  4.10323e-03  5.83090e-03  7.34262e-03  8.63838e-03  4.24757e-03  3.66399e-03  2.81726e-03  1.72296e-03  1.07980e-03  8.25038e-02  2.30047e-03  3.28173e-03  4.01950e-03  4.50225e-03  8.63838e-03  7.34262e-03  5.83090e-03  4.10323e-03  2.15959e-03  3.90293e-03
 10  2.15959e-03  4.10323e-03  5.83090e-03  7.34262e-03  4.54462e-03  4.24757e-03  3.66399e-03  2.81726e-03  1.72296e-03  1.07980e-03  8.65975e-02  2.30047e-03  3.28173e-03  4.01950e-03  4.50225e-03  8.63838e-03  7.34262e-03  5.83090e-03  4.10323e-03  2.15959e-03  3.26463e-03
 11  2.15959e-03  4.10323e-03  5.83090e-03  7.34262e-03  4.54462e-03  4.24757e-03  3.66399e-03  2.81726e-03  1.72296e-03  1.07980e-03  9.05247e-02  2.30047e-03  3.28173e-03  4.01950e-03  4.50225e-03  4.71118e-03  7.34262e-03  5.83090e-03  4.10323e-03  2.15959e-03  2.62147e-03
 12  2.15959e-03  4.10323e-03  5.83090e-03  4.52095e-03  4.54462e-03  4.24757e-03  3.66399e-03  2.81726e-03  1.72296e-03  1.07980e-03  9.33464e-02  2.30047e-03  3.28173e-03  4.01950e-03  4.50225e-03  4.71118e-03  7.34262e-03  5.83090e-03  4.10323e-03  2.15959e-03  2.13612e-03
 13  2.15959e-03  4.10323e-03  5.83090e-03  4.52095e-03  4.54462e-03  4.24757e-03  3.66399e-03  2.81726e-03  1.72296e-03  1.07980e-03  9.60724e-02  2.30047e-03  3.28173e-03  4.01950e-03  4.50225e-03  4.71118e-03  4.61664e-03  5.83090e-03  4.10323e-03  2.15959e-03  1.65237e-03
 14  2.15959e-03  4.10323e-03  4.12763e-03  4.52095e-03  4.54462e-03  4.24757e-03  3.66399e-03  2.81726e-03  1.72296e-03  1.07980e-03  9.77757e-02  2.30047e-03  3.28173e-03  4.01950e-03  4.50225e-03  4.71118e-03  4.61664e-03  5.83090e-03  4.10323e-03  2.15959e-03  1.33915e-03
 15  2.15959e-03  4.10323e-03  4.12763e-03  4.52095e-03  4.54462e-03  4.24757e-03  3.66399e-03  2.81726e-03  1.72296e-03  1.07980e-03  9.94336e-02  2.30047e-03  3.28173e-03  4.01950e-03  4.50225e-03  4.71118e-03  4.61664e-03  4.17301e-03  4.10323e-03  2.15959e-03  1.02878e-03
 16  2.15959e-03  3.29779e-03  4.12763e-03  4.52095e-03  4.54462e-03  4.24757e-03  3.66399e-03  2.81726e-03  1.72296e-03  1.07980e-03  1.00239e-01  2.30047e-03  3.28173e-03  4.01950e-03  4.50225e-03  4.71118e-03  4.61664e-03  4.17301e-03  4.10323e-03  2.15959e-03  8.73921e-04
 17  2.15959e-03  3.29779e-03  4.12763e-03  4.52095e-03  4.54462e-03  4.24757e-03  3.66399e-03  2.81726e-03  1.72296e-03  1.07980e-03  1.01029e-01  2.30047e-03  3.28173e-03  4.01950e-03  4.50225e-03  4.71118e-03  4.61664e-03  4.17301e-03  3.31367e-03  2.15959e-03  7.20864e-04
 18  1.94886e-03  3.29779e-03  4.12763e-03  4.52095e-03  4.54462e-03  4.24757e-03  3.66399e-03  2.81726e-03  1.72296e-03  1.07980e-03  1.01239e-01  2.30047e-03  3.28173e-03  4.01950e-03  4.50225e-03  4.71118e-03  4.61664e-03  4.17301e-03  3.31367e-03  2.15959e-03  6.79106e-04
 19  1.94886e-03  3.29779e-03  4.12763e-03  4.52095e-03  4.54462e-03  4.24757e-03  3.66399e-03  2.81726e-03  1.72296e-03  1.07980e-03  1.01447e-01  2.30047e-03  3.28173e-03  4.01950e-03  4.50225e-03  4.71118e-03  4.61664e-03  4.17301e-03  3.31367e-03  1.95192e-03  6.37867e-04
 20  1.94886e-03  3.29779e-03  4.12763e-03  4.52095e-03  4.54462e-03  4.24757e-03  3.66399e-03  2.81726e-03  1.72296e-03  1.07980e-03  1.01447e-01  2.30047e-03  3.28173e-03  4.01950e-03  4.50225e-03  8.32757e-03  1.00025e-03  4.17301e-03  3.31367e-03  1.95192e-03  6.11026e-04
 21  1.94886e-03  3.29779e-03  4.12763e-03  4.52095e-03  4.54462e-03  4.24757e-03  3.66399e-03  2.81726e-03  1.72296e-03  1.07980e-03  1.01447e-01  2.30047e-03  3.28173e-03  4.01950e-03  1.48494e-03  1.13449e-02  1.00025e-03  4.17301e-03  3.31367e-03  1.95192e-03  5.69734e-04
 22  1.94886e-03  3.29779e-03  4.12763e-03  4.52095e-03  4.54462e-03  4.24757e-03  3.66399e-03  2.81726e-03  1.72296e-03  1.07980e-03  1.01447e-01  2.30047e-03  3.28173e-03  4.01950e-03  1.48494e-03  1.36975e-02  1.00025e-03  1.82040e-03  3.31367e-03  1.95192e-03  5.24919e-04
 23  1.94886e-03  3.29779e-03  4.12763e-03  4.52095e-03  4.54462e-03  4.24757e-03  3.66399e-03  2.81726e-03  1.72296e-03  1.07980e-03  1.01447e-01  2.30047e-03  3.28173e-03  2.06231e-03  1.48494e-03  1.56547e-02  1.00025e-03  1.82040e-03  3.31367e-03  1.95192e-03  4.79375e-04
 24  1.94886e-03  3.29779e-03  4.12763e-03  4.52095e-03  4.54462e-03  4.24757e-03  3.66399e-03  2.81726e-03  1.72296e-03  1.07980e-03  1.01447e-01  2.30047e-03  3.28173e-03  2.06231e-03  1.48494e-03  1.68921e-02  1.00025e-03  1.82040e-03  2.07624e-03  1.95192e-03  4.45770e-04
 25  1.94886e-03  3.29779e-03  4.12763e-03  4.52095e-03  4.54462e-03  4.24757e-03  3.66399e-03  2.81726e-03  1.72296e-03  1.07980e-03  1.01447e-01  2.30047e-03  2.18265e-03  2.06231e-03  1.48494e-03  1.79912e-02  1.00025e-03  1.82040e-03  2.07624e-03  1.95192e-03  4.13436e-04
 26  1.94886e-03  3.29779e-03  4.12763e-03  9.94578e-04  8.07099e-03  4.24757e-03  3.66399e-03  2.81726e-03  1.72296e-03  1.07980e-03  1.01447e-01  2.30047e-03  2.18265e-03  2.06231e-03  1.48494e-03  1.79912e-02  1.00025e-03  1.82040e-03  2.07624e-03  1.95192e-03  3.88399e-04
 27  1.94886e-03  3.29779e-03  4.12763e-03  9.94578e-04  1.08565e-02  1.46208e-03  3.66399e-03  2.81726e-03  1.72296e-03  1.07980e-03  1.01447e-01  2.30047e-03  2.18265e-03  2.06231e-03  1.48494e-03  1.79912e-02  1.00025e-03  1.82040e-03  2.07624e-03  1.95192e-03  3.51581e-04
 28  1.94886e-03  3.29779e-03  4.12763e-03  9.94578e-04  8.32034e-03  1.46208e-03  3.66399e-03  2.81726e-03  1.72296e-03  1.07980e-03  1.01447e-01  2.30047e-03  2.18265e-03  2.06231e-03  1.48494e-03  2.05273e-02  1.00025e-03  1.82040e-03  2.07624e-03  1.95192e-03  3.02528e-04
 29  1.94886e-03  3.29779e-03  4.12763e-03  9.94578e-04  8.32034e-03  1.46208e-03  2.58195e-03  2.81726e-03  1.72296e-03  1.07980e-03  1.01447e-01  2.30047e-03  2.18265e-03  2.06231e-03  1.48494e-03  2.16094e-02  1.00025e-03  1.82040e-03  2.07624e-03  1.95192e-03  2.63692e-04
 30  1.94886e-03  3.29779e-03  3.16784e-03  9.94578e-04  8.32034e-03  1.46208e-03  2.58195e-03  2.81726e-03  1.72296e-03  1.07980e-03  1.01447e-01  2.30047e-03  2.18265e-03  2.06231e-03  1.48494e-03  2.25691e-02  1.00025e-03  1.82040e-03  2.07624e-03  1.95192e-03  2.28293e-04
 31  1.94886e-03  3.29779e-03  3.16784e-03  9.94578e-04  8.32034e-03  1.46208e-03  2.58195e-03  2.10981e-03  1.72296e-03  1.07980e-03  1.01447e-01  2.30047e-03  2.18265e-03  2.06231e-03  1.48494e-03  2.32766e-02  1.00025e-03  1.82040e-03  2.07624e-03  1.95192e-03  1.99345e-04
 32  1.94886e-03  2.72293e-03  3.16784e-03  9.94578e-04  8.32034e-03  1.46208e-03  2.58195e-03  2.10981e-03  1.72296e-03  1.07980e-03  1.01447e-01  2.30047e-03  2.18265e-03  2.06231e-03  1.48494e-03  2.38514e-02  1.00025e-03  1.82040e-03  2.07624e-03  1.95192e-03  1.75714e-04
 33  1.94886e-03  2.72293e-03  3.16784e-03  9.94578e-04  8.32034e-03  1.46208e-03  2.58195e-03  2.10981e-03  1.72296e-03  1.07980e-03  1.01447e-01  1.76873e-03  2.18265e-03  2.06231e-03  1.48494e-03  2.43832e-02  1.00025e-03  1.82040e-03  2.07624e-03  1.95192e-03  1.52230e-04
 34  1.94886e-03  2.72293e-03  1.85418e-03  9.94578e-04  9.63400e-03  1.46208e-03  2.58195e-03  2.10981e-03  1.72296e-03  1.07980e-03  1.01447e-01  1.76873e-03  2.18265e-03  2.06231e-03  1.48494e-03  2.43832e-02  1.00025e-03  1.82040e-03  2.07624e-03  1.95192e-03  1.35241e-04
 35  1.94886e-03  2.72293e-03  1.85418e-03  9.94578e-04  9.63400e-03  1.46208e-03  2.58195e-03  2.10981e-03  1.45533e-03  1.07980e-03  1.01447e-01  1.76873e-03  2.18265e-03  2.06231e-03  1.48494e-03  2.46508e-02  1.00025e-03  1.82040e-03  2.07624e-03  1.95192e-03  1.22969e-04
 36  1.94886e-03  1.95976e-03  1.85418e-03  9.94578e-04  1.03972e-02  1.46208e-03  2.58195e-03  2.10981e-03  1.45533e-03  1.07980e-03  1.01447e-01  1.76873e-03  2.18265e-03  2.06231e-03  1.48494e-03  2.46508e-02  1.00025e-03  1.82040e-03  2.07624e-03  1.95192e-03  1.11255e-04
 37  1.94886e-03  1.95976e-03  1.85418e-03  9.94578e-04  1.03972e-02  1.46208e-03  2.58195e-03  2.10981e-03  1.45533e-03  1.07980e-03  1.01447e-01  1.76873e-03  2.18265e-03  2.06231e-03  1.48494e-03  2.48954e-02  1.00025e-03  1.82040e-03  2.07624e-03  1.70737e-03  1.00034e-04
 38  1.94886e-03  1.95976e-03  1.85418e-03  9.94578e-04  1.10022e-02  1.46208e-03  1.97696e-03  2.10981e-03  1.45533e-03  1.07980e-03  1.01447e-01  1.76873e-03  2.18265e-03  2.06231e-03  1.48494e-03  2.48954e-02  1.00025e-03  1.82040e-03  2.07624e-03  1.70737e-03  8.98454e-05
 39  1.77841e-03  1.95976e-03  1.85418e-03  9.94578e-04  1.10022e-02  1.46208e-03  1.97696e-03  2.10981e-03  1.45533e-03  1.07980e-03  1.01447e-01  1.76873e-03  2.18265e-03  2.06231e-03  1.48494e-03  2.50658e-02  1.00025e-03  1.82040e-03  2.07624e-03  1.70737e-03  8.19647e-05
 40  1.77841e-03  1.95976e-03  1.85418e-03  9.94578e-04  1.07767e-02  1.46208e-03  1.97696e-03  2.10981e-03  1.45533e-03  1.07980e-03  1.01447e-01  1.76873e-03  2.18265e-03  2.06231e-03  1.48494e-03  2.52913e-02  1.00025e-03  1.82040e-03  2.07624e-03  1.70737e-03  7.55216e-05
 41  1.77841e-03  1.95976e-03  1.85418e-03  9.94578e-04  1.07390e-02  1.46208e-03  1.97696e-03  2.10981e-03  1.45533e-03  1.07980e-03  1.01485e-01  1.76873e-03  2.18265e-03  2.06231e-03  1.48494e-03  2.52913e-02  1.00025e-03  1.82040e-03  2.07624e-03  1.70737e-03  6.86802e-05
 42  1.77841e-03  1.95976e-03  1.85418e-03  9.94578e-04  1.07390e-02  1.46208e-03  1.97696e-03  2.10981e-03  1.45533e-03  9.81534e-04  1.01485e-01  1.76873e-03  2.18265e-03  2.06231e-03  1.48494e-03  2.53895e-02  1.00025e-03  1.82040e-03  2.07624e-03  1.70737e-03  6.39027e-05
 43  1.54060e-03  1.95976e-03  1.85418e-03  9.94578e-04  1.09768e-02  1.46208e-03  1.97696e-03  2.10981e-03  1.45533e-03  9.81534e-04  1.01485e-01  1.76873e-03  2.18265e-03  2.06231e-03  1.48494e-03  2.53895e-02  1.00025e-03  1.82040e-03  2.07624e-03  1.70737e-03  5.95279e-05
 44  1.54060e-03  1.95976e-03  1.85418e-03  9.94578e-04  1.09768e-02  1.46208e-03  1.97696e-03  2.10981e-03  1.45533e-03  9.81534e-04  1.01485e-01  1.76873e-03  3.37868e-03  8.66277e-04  1.48494e-03  2.53895e-02  1.00025e-03  1.82040e-03  2.07624e-03  1.70737e-03  5.63790e-05
 45  1.54060e-03  1.95976e-03  1.85418e-03  9.94578e-04  1.11350e-02  1.46208e-03  1.97696e-03  1.95165e-03  1.45533e-03  9.81534e-04  1.01485e-01  1.76873e-03  3.37868e-03  8.66277e-04  1.48494e-03  2.53895e-02  1.00025e-03  1.82040e-03  2.07624e-03  1.70737e-03  5.35241e-05
 46  1.54060e-03  1.95976e-03  1.85418e-03  9.94578e-04  1.11350e-02  1.46208e-03  1.97696e-03  1.95165e-03  1.45533e-03  9.81534e-04  1.01485e-01  1.76873e-03  3.31423e-03  8.66277e-04  1.48494e-03  2.54540e-02  1.00025e-03  1.82040e-03  2.07624e-03  1.70737e-03  5.06784e-05
 47  1.54060e-03  1.95976e-03  1.85418e-03  9.94578e-04  1.11350e-02  1.46208e-03  1.97696e-03  1.95165e-03  1.45533e-03  9.81534e-04  1.01485e-01  1.13378e-03  3.94918e-03  8.66277e-04  1.48494e-03  2.54540e-02  1.00025e-03  1.82040e-03  2.07624e-03  1.70737e-03  4.79094e-05
 48  1.54060e-03  1.95976e-03  1.85418e-03  9.94578e-04  1.11350e-02  1.46208e-03  3.07376e-03  8.54847e-04  1.45533e-03  9.81534e-04  1.01485e-01  1.13378e-03  3.94918e-03  8.66277e-04  1.48494e-03  2.54540e-02  1.00025e-03  1.82040e-03  2.07624e-03  1.70737e-03  4.54480e-05
 49  1.54060e-03  1.95976e-03  1.85418e-03  9.94578e-04  1.11350e-02  1.46208e-03  3.07376e-03  8.54847e-04  1.45533e-03  9.81534e-04  1.01485e-01  1.13378e-03  3.94918e-03  8.66277e-04  1.48494e-03  2.54540e-02  1.00025e-03  8.38597e-04  3.05804e-03  1.70737e-03  4.30178e-05
 50  1.54060e-03  1.95976e-03  1.85418e-03  9.94578e-04  1.11350e-02  1.46208e-03  3.07376e-03  8.54847e-04  1.45533e-03  9.81534e-04  1.01485e-01  1.13378e-03  3.94918e-03  8.66277e-04  1.48494e-03  2.54540e-02  1.00025e-03  8.38597e-04  3.71232e-03  1.05309e-03  4.03942e-05
 51  1.54060e-03  1.95976e-03  1.85418e-03  9.94578e-04  1.11350e-02  1.46208e-03  3.07376e-03  8.54847e-04  1.45533e-03  9.81534e-04  1.01485e-01  1.13378e-03  5.03006e-03  8.66277e-04  1.48494e-03  2.54540e-02  1.00025e-03  8.38597e-04  2.63144e-03  1.05309e-03  3.75455e-05
 52  1.54060e-03  1.95976e-03  1.85418e-03  9.94578e-04  1.11350e-02  1.46208e-03  3.07376e-03  8.54847e-04  1.45533e-03  9.81534e-04  1.01485e-01  1.13378e-03  5.44229e-03  8.66277e-04  1.07271e-03  2.54540e-02  1.00025e-03  8.38597e-04  2.63144e-03  1.05309e-03  3.42828e-05
 53  1.54060e-03  2.95209e-03  8.61857e-04  9.94578e-04  1.11350e-02  1.46208e-03  3.07376e-03  8.54847e-04  1.45533e-03  9.81534e-04  1.01485e-01  1.13378e-03  5.44229e-03  8.66277e-04  1.07271e-03  2.54540e-02  1.00025e-03  8.38597e-04  2.63144e-03  1.05309e-03  3.21039e-05
 54  1.01513e-03  3.47755e-03  8.61857e-04  9.94578e-04  1.11350e-02  1.46208e-03  3.07376e-03  8.54847e-04  1.45533e-03  9.81534e-04  1.01485e-01  1.13378e-03  5.44229e-03  8.66277e-04  1.07271e-03  2.54540e-02  1.00025e-03  8.38597e-04  2.63144e-03  1.05309e-03  3.00683e-05
 55  1.01513e-03  4.31711e-03  8.61857e-04  9.94578e-04  1.11350e-02  1.46208e-03  2.23420e-03  8.54847e-04  1.45533e-03  9.81534e-04  1.01485e-01  1.13378e-03  5.44229e-03  8.66277e-04  1.07271e-03  2.54540e-02  1.00025e-03  8.38597e-04  2.63144e-03  1.05309e-03  2.79806e-05
 56  1.01513e-03  4.70588e-03  8.61857e-04  9.94578e-04  1.11350e-02  1.07331e-03  2.23420e-03  8.54847e-04  1.45533e-03  9.81534e-04  1.01485e-01  1.13378e-03  5.44229e-03  8.66277e-04  1.07271e-03  2.54540e-02  1.00025e-03  8.38597e-04  2.63144e-03  1.05309e-03  2.54584e-05
 57  1.01513e-03  4.70588e-03  8.61857e-04  9.94578e-04  1.12975e-02  1.07331e-03  2.23420e-03  8.54847e-04  1.45533e-03  9.81534e-04  1.01485e-01  1.13378e-03  5.27976e-03  8.66277e-04  1.07271e-03  2.54540e-02  1.00025e-03  8.38597e-04  2.63144e-03  1.05309e-03  2.35551e-05
 58  1.01513e-03  3.96458e-03  8.61857e-04  9.94578e-04  1.12975e-02  1.07331e-03  2.23420e-03  8.54847e-04  1.45533e-03  9.81534e-04  1.01485e-01  1.13378e-03  6.02106e-03  8.66277e-04  1.07271e-03  2.54540e-02  1.00025e-03  8.38597e-04  2.63144e-03  1.05309e-03  2.16052e-05
 59  1.01513e-03  3.94933e-03  8.61857e-04  9.94578e-04  1.12975e-02  1.07331e-03  2.23420e-03  8.54847e-04  1.45533e-03  9.81534e-04  1.01500e-01  1.13378e-03  6.02106e-03  8.66277e-04  1.07271e-03  2.54540e-02  1.00025e-03  8.38597e-04  2.63144e-03  1.05309e-03  1.86303e-05
 60  1.01513e-03  3.94933e-03  8.61857e-04  9.94578e-04  1.12975e-02  1.07331e-03  2.23420e-03  8.54847e-04  1.27949e-03  9.81534e-04  1.01500e-01  1.13378e-03  6.19689e-03  8.66277e-04  1.07271e-03  2.54540e-02  1.00025e-03  8.38597e-04  2.63144e-03  1.05309e-03  1.69629e-05
 61  1.01513e-03  3.94933e-03  8.61857e-04  9.94578e-04  1.12975e-02  1.07331e-03  2.23420e-03  8.54847e-04  1.27949e-03  9.81534e-04  1.01500e-01  1.13378e-03  6.16325e-03  8.66277e-04  1.07271e-03  2.54876e-02  1.00025e-03  8.38597e-04  2.63144e-03  1.05309e-03  1.56647e-05
 62  1.01513e-03  3.94933e-03  8.61857e-04  9.94578e-04  1.12975e-02  1.07331e-03  2.23420e-03  8.54847e-04  1.27949e-03  9.81534e-04  1.01500e-01  1.13378e-03  6.26021e-03  8.66277e-04  1.07271e-03  2.54876e-02  9.03284e-04  8.38597e-04  2.63144e-03  1.05309e-03  1.46446e-05
 63  1.01513e-03  3.94933e-03  8.61857e-04  9.94578e-04  1.12975e-02  1.07331e-03  2.23420e-03  8.54847e-04  1.27949e-03  8.92430e-04  1.01500e-01  1.13378e-03  6.34932e-03  8.66277e-04  1.07271e-03  2.54876e-02  9.03284e-04  8.38597e-04  2.63144e-03  1.05309e-03  1.36880e-05
 64  1.01513e-03  3.94933e-03  8.61857e-04  9.94578e-04  1.13431e-02  1.07331e-03  2.23420e-03  8.54847e-04  1.27949e-03  8.92430e-04  1.01500e-01  1.13378e-03  6.34932e-03  8.66277e-04  1.07271e-03  2.54876e-02  9.03284e-04  8.38597e-04  2.63144e-03  1.00748e-03  1.27493e-05
 65  1.01513e-03  3.94933e-03  8.61857e-04  9.94578e-04  1.13431e-02  1.07331e-03  2.23420e-03  8.54847e-04  1.27949e-03  8.92430e-04  1.01505e-01  1.13378e-03  6.34932e-03  8.66277e-04  1.07271e-03  2.54822e-02  9.03284e-04  8.38597e-04  2.63144e-03  1.00748e-03  1.19306e-05
 66  1.01513e-03  3.94933e-03  8.61857e-04  9.94578e-04  1.13824e-02  1.07331e-03  2.23420e-03  8.54847e-04  1.27949e-03  8.92430e-04  1.01505e-01  1.09451e-03  6.34932e-03  8.66277e-04  1.07271e-03  2.54822e-02  9.03284e-04  8.38597e-04  2.63144e-03  1.00748e-03  1.11257e-05
 67  1.01513e-03  3.94933e-03  8.61857e-04  9.21932e-04  1.13824e-02  1.07331e-03  2.23420e-03  8.54847e-04  1.27949e-03  8.92430e-04  1.01505e-01  1.09451e-03  6.42196e-03  8.66277e-04  1.07271e-03  2.54822e-02  9.03284e-04  8.38597e-04  2.63144e-03  1.00748e-03  1.03372e-05
 68  1.01513e-03  4.05269e-03  8.61857e-04  8.18565e-04  1.13824e-02  1.07331e-03  2.23420e-03  8.54847e-04  1.27949e-03  8.92430e-04  1.01505e-01  1.09451e-03  6.42196e-03  8.66277e-04  1.07271e-03  2.54822e-02  9.03284e-04  8.38597e-04  2.63144e-03  1.00748e-03  9.68992e-06
 Eigenvalue found in 68 iterations with corresponding eigenvector x(k)
 Eigenvalues of A appear along the diagonal of A(k).
 +1.01513e-03 +4.05269e-03 +8.61857e-04 +8.18565e-04 +1.13824e-02 +1.07331e-03 +2.23420e-03 +8.54847e-04 +1.27949e-03 +8.92430e-04
 +1.01505e-01 +1.09451e-03 +6.42196e-03 +8.66277e-04 +1.07271e-03 +2.54822e-02 +9.03284e-04 +8.38597e-04 +2.63144e-03 +1.00748e-03
 Eigenvectors of A are the columns of E(k). 
 v( 1) +8.73143e-01 -3.66052e-01 -2.90904e-01 +8.19703e-02 +8.03854e-02 +7.02170e-02 -1.95630e-02 +1.28361e-03 -6.94256e-03 +5.22699e-04 +5.22699e-04 +8.11472e-03 -5.37814e-03 -1.00963e-02 -6.62365e-03 -4.19846e-03 -2.86838e-03 -8.39310e-03 -9.21472e-03 +6.02346e-03 
 v( 2) +2.47468e-01 +3.28660e-01 +2.38860e-01 +6.71685e-02 -1.86958e-01 -3.32371e-01 -2.88927e-01 -1.72669e-01 +2.83372e-01 +2.88524e-01 +2.86692e-01 +5.08096e-02 -1.69506e-01 -2.43753e-01 -2.22910e-01 -1.49653e-02 -3.19486e-03 +1.89424e-01 +2.26444e-01 +1.92121e-01 
 v( 3) +0.00000e+00 -6.45427e-01 +7.51897e-01 -8.01573e-02 -7.85136e-02 -6.83859e-02 -1.18090e-02 +2.20594e-02 +2.33956e-04 +2.40200e-04 +2.40200e-04 +2.29210e-04 +5.11559e-03 +3.53334e-03 -1.44204e-03 -4.52844e-03 -5.76928e-03 +9.27381e-03 +1.09992e-03 +0.00000e+00 
 v( 4) -7.09152e-02 -9.77924e-02 -7.69087e-02 +6.81706e-01 -6.98108e-01 +8.90495e-02 +8.90167e-02 +7.33360e-02 -1.10893e-02 -2.74176e-02 -4.74549e-02 -1.98448e-02 +9.41338e-03 +2.35499e-02 +2.92162e-02 -2.41675e-02 +2.30234e-02 +2.84345e-03 -1.49823e-03 -6.44804e-03 
 v( 5) +1.41869e-01 +2.46529e-01 +2.91203e-01 +2.93818e-01 +2.55529e-01 +1.75603e-01 -1.26507e-02 -1.44188e-01 -2.83690e-01 -2.74492e-01 -2.73858e-01 -2.45137e-01 -1.40080e-01 -1.94182e-02 +1.33946e-01 +2.62553e-01 +2.90994e-01 +2.87793e-01 +2.25096e-01 +1.22165e-01 
 v( 6) +1.17756e-01 +1.61529e-01 +1.26598e-01 -4.03142e-01 -3.85564e-01 +7.62060e-01 -1.64348e-01 -1.41979e-01 +2.26387e-02 +2.45976e-02 +2.45976e-02 +2.48208e-02 -1.49222e-02 -3.51793e-02 +2.19231e-02 -4.50350e-03 -1.90964e-02 -1.36919e-02 -8.68068e-03 +1.04304e-03 
 v( 7) +2.78282e-01 +3.04579e-01 +1.56205e-01 -3.50392e-01 -3.38571e-01 -2.88003e-01 +4.57107e-01 +4.58709e-01 -1.21674e-01 -1.23684e-01 -1.23684e-01 -1.16794e-01 +4.10015e-03 +6.27133e-02 +3.95914e-02 +2.29804e-02 +1.28472e-02 +1.51435e-02 +1.40725e-02 +1.06163e-03 
 v( 8) -1.36751e-02 +2.99696e-02 +8.73476e-03 +5.39663e-02 +5.15200e-02 +4.28470e-02 -6.82267e-01 +7.11273e-01 -5.63123e-02 -5.95076e-02 -5.95076e-02 -5.84699e-02 +7.85457e-02 -1.15441e-02 -6.84220e-03 -3.46162e-03 -1.36105e-03 -1.00572e-03 -4.99413e-04 -1.21776e-03 
 v( 9) +4.27502e-02 +4.40830e-02 +3.00257e-02 -1.49033e-02 -1.55577e-02 -6.16522e-02 -7.35228e-02 -7.60403e-02 +7.79125e-01 -4.16030e-01 -4.16479e-01 +5.23139e-02 +7.66746e-02 +8.28722e-02 +7.29171e-02 +2.20393e-02 +2.22653e-02 -2.68160e-02 -4.01427e-02 -4.68107e-02 
 v(10) +2.31833e-02 +2.94582e-02 +2.05972e-02 -8.04727e-03 -8.58430e-03 -3.84223e-02 -4.46406e-02 -4.48321e-02 -3.81609e-02 +6.98926e-01 -7.01635e-01 +3.44011e-02 +4.79676e-02 +5.00618e-02 +4.19445e-02 +1.99341e-02 -4.44255e-03 -2.37251e-02 -3.09310e-02 -2.49050e-02 
 v(11) +4.19585e-02 +9.01204e-02 +1.33594e-01 +1.75492e-01 +2.09678e-01 +2.43192e-01 +2.66938e-01 +2.85201e-01 +3.00175e-01 +3.09327e-01 +3.10057e-01 +2.99822e-01 +2.86300e-01 +2.65959e-01 +2.40693e-01 +2.09038e-01 +1.75817e-01 +1.35151e-01 +9.20821e-02 +4.43257e-02 
 v(12) -1.09597e-02 +1.96562e-03 +3.22592e-03 +3.36962e-03 +5.21556e-04 -4.35383e-03 +3.44731e-02 +9.26587e-02 -1.59734e-01 -1.62812e-01 -1.60548e-01 +8.44848e-01 -3.12077e-01 -3.06557e-01 +4.01473e-02 +4.32515e-02 +4.50043e-02 +3.75960e-02 -1.33832e-02 -4.96368e-03 
 v(13) +2.20677e-01 +3.23784e-01 +2.84949e-01 +1.63062e-01 -1.04652e-03 -1.57489e-01 -2.14049e-01 -2.51320e-01 -2.30698e-01 -9.67882e-02 +7.64459e-02 +2.00842e-01 +2.84956e-01 +2.70651e-01 +1.80318e-01 -6.33072e-03 -1.90860e-01 -3.16893e-01 -3.37175e-01 -2.42042e-01 
 v(14) +0.00000e+00 -4.30792e-04 +2.69821e-04 +2.17894e-03 +5.50490e-03 +1.03311e-02 -6.51567e-02 +3.50918e-02 +3.75373e-02 +3.85390e-02 +3.85390e-02 +3.67758e-02 -6.85232e-01 +7.10572e-01 -4.81171e-02 -5.63056e-02 -5.82659e-02 -5.07086e-02 +5.23638e-02 +0.00000e+00 
 v(15) -1.13124e-03 -4.71459e-03 -8.71171e-03 +8.32315e-04 +1.99940e-02 -3.17074e-02 -2.14001e-02 +3.65069e-04 +3.33449e-02 +3.37639e-02 +3.47339e-02 -8.95279e-02 -1.44324e-01 -1.47626e-01 +7.94892e-01 -3.58213e-01 -3.68939e-01 +1.30562e-01 +1.41622e-01 +1.02721e-01 
 v(16) -7.57345e-02 -1.82410e-01 -2.43886e-01 -2.90729e-01 -2.95009e-01 -2.84747e-01 -2.72578e-01 -2.07749e-01 -1.44922e-01 -5.24326e-02 +3.69897e-02 +1.32392e-01 +2.18577e-01 +2.77002e-01 +2.87798e-01 +3.00208e-01 +2.99396e-01 +2.46081e-01 +1.81479e-01 +9.04614e-02 
 v(17) +3.03173e-02 +4.44034e-02 +3.89852e-02 -1.09922e-02 +1.81149e-02 -1.37988e-02 -2.05929e-02 -2.47884e-02 -2.11761e-02 +1.00524e-02 +9.23638e-03 +3.83643e-02 +4.92860e-02 +4.65428e-02 +3.32093e-02 -7.18755e-01 +6.81449e-01 -4.33698e-02 -4.62442e-02 -3.32435e-02 
 v(18) +0.00000e+00 +5.21706e-03 -5.68613e-03 -4.21696e-03 -1.76282e-04 +6.57321e-03 -2.47246e-04 -2.70371e-04 -2.89213e-04 -2.96931e-04 -2.96931e-04 -2.83346e-04 -2.64094e-04 +7.65055e-02 -9.26966e-02 -1.05224e-01 -1.06995e-01 +7.48847e-01 -6.34146e-01 +0.00000e+00 
 v(19) +1.93452e-03 +1.54985e-02 +1.59267e-02 +2.67961e-02 +4.19006e-02 +6.27724e-02 +3.71660e-02 -3.37347e-02 -1.38644e-01 -1.50158e-01 -1.53019e-01 +2.06539e-01 +3.67142e-01 +2.74664e-01 -3.11137e-01 -3.55004e-01 -3.62307e-01 +1.68851e-01 +3.98451e-01 +3.62102e-01 
 v(20) -1.12944e-02 -2.46250e-03 +3.47090e-03 +3.40316e-03 +1.36242e-04 -5.62604e-03 +1.50783e-03 +4.94930e-03 +5.82593e-03 -7.09495e-03 -7.12776e-03 -1.56852e-02 -3.13548e-02 -1.29284e-03 +8.21060e-02 +8.85874e-02 +8.99620e-02 -2.96633e-01 -3.92434e-01 +8.56587e-01 
