
 OUTPUT FROM bailey_pset2_problem4.m 

 Solving Afrac * x = bfrac using Gaussian Elimination 

 Current version of A and b:

   -1.58333    0.50000    0.00000    0.00000    0.00000    0.00000    0.00000    0.08333 | -200.00000
    0.50000   -0.92424    0.33333    0.00000    0.00000    0.00000    0.09091    0.00000 |    0.00000
    0.00000    0.33333   -0.68333    0.25000    0.00000    0.10000    0.00000    0.00000 |    0.00000
    0.00000    0.00000    0.25000   -0.45000    0.20000    0.00000    0.00000    0.00000 |    0.00000
    0.00000    0.00000    0.00000    0.20000   -0.36667    0.16667    0.00000    0.00000 |    0.00000
    0.00000    0.00000    0.10000    0.00000    0.16667   -0.40952    0.14286    0.00000 |    0.00000
    0.00000    0.09091    0.00000    0.00000    0.00000    0.14286   -0.35877    0.12500 |    0.00000
    0.08333    0.00000    0.00000    0.00000    0.00000    0.00000    0.12500   -0.31944 |    0.00000
 
 
 The values   -1.58333 and    0.50000 in positions ( 2,  1) and ( 1,  1) were switched. 
 
 No rows were swapped. 
 
 No rows were swapped. 
 
 No rows were swapped. 
 
 No rows were swapped. 
 
 No rows were swapped. 
 
 No rows were swapped. 

 Current version of A and b:

    0.50000    0.50000    0.00000    0.00000    0.00000    0.00000    0.00000    0.08333 | -200.00000
    0.00000    0.65909    0.33333    0.00000    0.00000    0.00000    0.09091    0.26389 | -633.33333
    0.00000    0.33333   -0.68333    0.25000    0.00000    0.10000    0.00000    0.00000 |    0.00000
    0.00000    0.00000    0.25000   -0.45000    0.20000    0.00000    0.00000    0.00000 |    0.00000
    0.00000    0.00000    0.00000    0.20000   -0.36667    0.16667    0.00000    0.00000 |    0.00000
    0.00000    0.00000    0.10000    0.00000    0.16667   -0.40952    0.14286    0.00000 |    0.00000
    0.00000    0.09091    0.00000    0.00000    0.00000    0.14286   -0.35877    0.12500 |    0.00000
    0.00000   -0.08333    0.00000    0.00000    0.00000    0.00000    0.12500   -0.33333 |   33.33333
 
 
 No rows were swapped. 
 
 No rows were swapped. 
 
 No rows were swapped. 
 
 No rows were swapped. 
 
 No rows were swapped. 
 
 No rows were swapped. 

 Current version of A and b:

    0.50000    0.50000    0.00000    0.00000    0.00000    0.00000    0.00000    0.08333 | -200.00000
    0.00000    0.65909    0.33333    0.00000    0.00000    0.00000    0.09091    0.26389 | -633.33333
    0.00000    0.00000   -0.85192    0.25000    0.00000    0.10000   -0.04598   -0.13346 |  320.30651
    0.00000    0.00000    0.25000   -0.45000    0.20000    0.00000    0.00000    0.00000 |    0.00000
    0.00000    0.00000    0.00000    0.20000   -0.36667    0.16667    0.00000    0.00000 |    0.00000
    0.00000    0.00000    0.10000    0.00000    0.16667   -0.40952    0.14286    0.00000 |    0.00000
    0.00000    0.00000   -0.04598    0.00000    0.00000    0.14286   -0.37131    0.08860 |   87.35632
    0.00000    0.00000    0.04215    0.00000    0.00000    0.00000    0.13649   -0.29997 |  -46.74330
 
 
 The values   -0.85192 and    0.25000 in positions ( 4,  3) and ( 3,  3) were switched. 
 
 No rows were swapped. 
 
 No rows were swapped. 
 
 No rows were swapped. 
 
 No rows were swapped. 

 Current version of A and b:

    0.50000    0.50000    0.00000    0.00000    0.00000    0.00000    0.00000    0.08333 | -200.00000
    0.00000    0.65909    0.33333    0.00000    0.00000    0.00000    0.09091    0.26389 | -633.33333
    0.00000    0.00000    0.25000    0.25000    0.00000    0.10000   -0.04598   -0.13346 |  320.30651
    0.00000    0.00000    0.00000    0.40192    0.20000    0.34077   -0.15667   -0.45479 | 1091.49660
    0.00000    0.00000    0.00000    0.20000   -0.36667    0.16667    0.00000    0.00000 |    0.00000
    0.00000    0.00000    0.00000   -0.10000    0.16667   -0.44952    0.16125    0.05338 | -128.12261
    0.00000    0.00000    0.00000    0.04598    0.00000    0.16125   -0.37976    0.06406 |  146.26327
    0.00000    0.00000    0.00000   -0.04215    0.00000   -0.01686    0.14425   -0.27747 | -100.74133
 
 
 No rows were swapped. 
 
 No rows were swapped. 
 
 No rows were swapped. 
 
 No rows were swapped. 

 Current version of A and b:

    0.50000    0.50000    0.00000    0.00000    0.00000    0.00000    0.00000    0.08333 | -200.00000
    0.00000    0.65909    0.33333    0.00000    0.00000    0.00000    0.09091    0.26389 | -633.33333
    0.00000    0.00000    0.25000    0.25000    0.00000    0.10000   -0.04598   -0.13346 |  320.30651
    0.00000    0.00000    0.00000    0.40192    0.20000    0.34077   -0.15667   -0.45479 | 1091.49660
    0.00000    0.00000    0.00000    0.00000   -0.46619   -0.00290    0.07796    0.22631 | -543.14702
    0.00000    0.00000    0.00000    0.00000    0.21643   -0.36474    0.12227   -0.05977 |  143.45091
    0.00000    0.00000    0.00000    0.00000   -0.02288    0.12227   -0.36184    0.11608 |   21.40188
    0.00000    0.00000    0.00000    0.00000    0.02097    0.01888    0.12782   -0.32516 |   13.71494
 
 
 The values   -0.46619 and    0.21643 in positions ( 6,  5) and ( 5,  5) were switched. 
 
 No rows were swapped. 
 
 No rows were swapped. 

 Current version of A and b:

    0.50000    0.50000    0.00000    0.00000    0.00000    0.00000    0.00000    0.08333 | -200.00000
    0.00000    0.65909    0.33333    0.00000    0.00000    0.00000    0.09091    0.26389 | -633.33333
    0.00000    0.00000    0.25000    0.25000    0.00000    0.10000   -0.04598   -0.13346 |  320.30651
    0.00000    0.00000    0.00000    0.40192    0.20000    0.34077   -0.15667   -0.45479 | 1091.49660
    0.00000    0.00000    0.00000    0.00000    0.21643   -0.00290    0.07796    0.22631 | -543.14702
    0.00000    0.00000    0.00000    0.00000    0.00000   -0.37099    0.29020    0.42771 | -1026.49623
    0.00000    0.00000    0.00000    0.00000    0.00000    0.12196   -0.35360    0.14001 |  -36.01492
    0.00000    0.00000    0.00000    0.00000    0.00000    0.01916    0.12026   -0.34709 |   66.34701
 
 
 The values   -0.37099 and    0.12196 in positions ( 7,  6) and ( 6,  6) were switched. 
 
 No rows were swapped. 

 Current version of A and b:

    0.50000    0.50000    0.00000    0.00000    0.00000    0.00000    0.00000    0.08333 | -200.00000
    0.00000    0.65909    0.33333    0.00000    0.00000    0.00000    0.09091    0.26389 | -633.33333
    0.00000    0.00000    0.25000    0.25000    0.00000    0.10000   -0.04598   -0.13346 |  320.30651
    0.00000    0.00000    0.00000    0.40192    0.20000    0.34077   -0.15667   -0.45479 | 1091.49660
    0.00000    0.00000    0.00000    0.00000    0.21643   -0.00290    0.07796    0.22631 | -543.14702
    0.00000    0.00000    0.00000    0.00000    0.00000    0.12196    0.29020    0.42771 | -1026.49623
    0.00000    0.00000    0.00000    0.00000    0.00000    0.00000    0.52918    1.44107 | -3158.57268
    0.00000    0.00000    0.00000    0.00000    0.00000    0.00000    0.07468   -0.41427 |  227.58251
 
 
 No rows were swapped. 

 Current version of A and b:

    0.50000    0.50000    0.00000    0.00000    0.00000    0.00000    0.00000    0.08333 | -200.00000
    0.00000    0.65909    0.33333    0.00000    0.00000    0.00000    0.09091    0.26389 | -633.33333
    0.00000    0.00000    0.25000    0.25000    0.00000    0.10000   -0.04598   -0.13346 |  320.30651
    0.00000    0.00000    0.00000    0.40192    0.20000    0.34077   -0.15667   -0.45479 | 1091.49660
    0.00000    0.00000    0.00000    0.00000    0.21643   -0.00290    0.07796    0.22631 | -543.14702
    0.00000    0.00000    0.00000    0.00000    0.00000    0.12196    0.29020    0.42771 | -1026.49623
    0.00000    0.00000    0.00000    0.00000    0.00000    0.00000    0.52918    1.44107 | -3158.57268
    0.00000    0.00000    0.00000    0.00000    0.00000    0.00000    0.00000   -0.61763 |  673.32019
 

 x 1 = -400.00000 

 x 2 = -960.91954 

 x 3 = 1281.22605 

 x 4 = 2715.73511 

 x 5 = -2509.59283 

 x 6 = -8416.72655 

 x 7 = -3000.04926 

 x 8 = -1090.15958 
