
 OUTPUT FROM bailey_pset4_problem2_a.m 

 Solving Z * x = b for a tridiagonal system of size n =   20 using SOR Iteration with omega set as      6.00 

 k+1     x(1)         x(2)         x(3)        x(4)          x(n-3)       x(n-2)       x(n-1)       x(n)       check       alpha
----------------------------------------------------------------------------------------------------------------------------------
  1  -4.9932e+00  -1.4980e+01  -4.4939e+01  -1.3482e+02  -2.1494e+08  -6.4482e+08  -1.9345e+09  -5.8034e+09 +1.0000e+00 +4.3623e+09
  2  -1.9966e+01  -1.1982e+02  -5.3920e+02  -2.1569e+03  -1.4616e+10  -4.6426e+10  -1.4702e+11  -4.1203e+11 +9.8592e-01 +7.1514e+01
  3  -2.5961e+02  -1.7974e+03  -9.1667e+03  -4.0981e+04  -6.5770e+11  -2.1820e+12  -7.0471e+12  -1.9081e+13 +9.7841e-01 +4.6499e+01
  4  -4.0940e+03  -3.0795e+04  -1.6950e+05  -8.1315e+05  -2.4510e+13  -8.3761e+13  -2.7329e+14  -7.2447e+14 +9.7366e-01 +3.8069e+01
  5  -7.1916e+04  -5.7026e+05  -3.3028e+06  -1.6641e+07  -8.1777e+14  -2.8544e+15  -9.3701e+15  -2.4488e+16 +9.7042e-01 +3.3864e+01
  6  -1.3512e+06  -1.1111e+07  -6.6740e+07  -3.4863e+08  -2.5375e+16  -8.9964e+16  -2.9651e+17  -7.6708e+17 +9.6808e-01 +3.1367e+01
  7  -2.6576e+07  -2.2439e+08  -1.3854e+09  -7.4406e+09  -7.4833e+17  -2.6847e+18  -8.8727e+18  -2.2783e+19 +9.6633e-01 +2.9731e+01
  8  -5.4030e+08  -4.6550e+09  -2.9360e+10  -1.6121e+11  -2.1259e+19  -7.6972e+19  -2.5490e+20  -6.5078e+20 +9.6499e-01 +2.8587e+01
  9  -1.1264e+10  -9.8596e+10  -6.3261e+11  -3.5363e+12  -5.8705e+20  -2.1410e+21  -7.1008e+21  -1.8049e+22 +9.6394e-01 +2.7751e+01
 10  -2.3947e+11  -2.1233e+12  -1.3816e+13  -7.8390e+13  -1.5857e+22  -5.8169e+22  -1.9315e+23  -4.8921e+23 +9.6311e-01 +2.7118e+01
 11  -5.1724e+12  -4.6348e+13  -3.0514e+14  -1.7532e+15  -4.2090e+23  -1.5513e+24  -5.1558e+24  -1.3021e+25 +9.6243e-01 +2.6628e+01
 12  -1.1318e+14  -1.0232e+15  -6.8036e+15  -3.9513e+16  -1.1015e+25  -4.0757e+25  -1.3556e+26  -3.4156e+26 +9.6188e-01 +2.6240e+01
 13  -2.5037e+15  -2.2806e+16  -1.5294e+17  -8.9652e+17  -2.8498e+26  -1.0578e+27  -3.5204e+27  -8.8533e+27 +9.6142e-01 +2.5927e+01
 14  -5.5899e+16  -5.1249e+17  -3.4623e+18  -2.0461e+19  -7.3028e+27  -2.7180e+28  -9.0499e+28  -2.2723e+29 +9.6104e-01 +2.5672e+01
 15  -1.2580e+18  -1.1598e+19  -7.8867e+19  -4.6942e+20  -1.8566e+29  -6.9257e+29  -2.3069e+30  -5.7846e+30 +9.6072e-01 +2.5462e+01
 16  -2.8505e+19  -2.6412e+20  -1.8063e+21  -1.0820e+22  -4.6886e+30  -1.7524e+31  -5.8390e+31  -1.4625e+32 +9.6045e-01 +2.5286e+01
 17  -6.4985e+20  -6.0478e+21  -4.1571e+22  -2.5042e+23  -1.1774e+32  -4.4076e+32  -1.4691e+33  -3.6760e+33 +9.6022e-01 +2.5139e+01
 18  -1.4894e+22  -1.3916e+23  -9.6087e+23  -5.8179e+24  -2.9423e+33  -1.1030e+34  -3.6774e+34  -9.1941e+34 +9.6002e-01 +2.5014e+01
 19  -3.4299e+23  -3.2158e+24  -2.2297e+25  -1.3563e+26  -7.3227e+34  -2.7485e+35  -9.1650e+35  -2.2898e+36 +9.5985e-01 +2.4908e+01
 20  -7.9325e+24  -7.4609e+25  -5.1922e+26  -3.1715e+27  -1.8160e+36  -6.8232e+36  -2.2756e+37  -5.6820e+37 +9.5970e-01 +2.4817e+01
 21  -1.8416e+26  -1.7371e+27  -1.2130e+28  -7.4375e+28  -4.4897e+37  -1.6884e+38  -5.6321e+38  -1.4055e+39 +9.5957e-01 +2.4738e+01
 22  -4.2905e+27  -4.0575e+28  -2.8420e+29  -1.7487e+30  -1.1070e+39  -4.1665e+39  -1.3900e+40  -3.4673e+40 +9.5946e-01 +2.4670e+01
 23  -1.0027e+29  -9.5055e+29  -6.6767e+30  -4.1213e+31  -2.7233e+40  -1.0257e+41  -3.4222e+41  -8.5330e+41 +9.5937e-01 +2.4612e+01
 24  -2.3503e+30  -2.2328e+31  -1.5724e+32  -9.7342e+32  -6.6859e+41  -2.5196e+42  -8.4076e+42  -2.0956e+43 +9.5928e-01 +2.4560e+01
 25  -5.5233e+31  -5.2578e+32  -3.7114e+33  -2.3038e+34  -1.6385e+43  -6.1779e+43  -2.0617e+44  -5.1373e+44 +9.5921e-01 +2.4515e+01
 26  -1.3012e+33  -1.2409e+34  -8.7783e+34  -5.4624e+35  -4.0091e+44  -1.5123e+45  -5.0474e+45  -1.2574e+46 +9.5914e-01 +2.4476e+01
 27  -3.0721e+34  -2.9347e+35  -2.0802e+36  -1.2973e+37  -9.7962e+45  -3.6969e+46  -1.2339e+47  -3.0731e+47 +9.5908e-01 +2.4442e+01
 28  -7.2679e+35  -6.9536e+36  -4.9380e+37  -3.0861e+38  -2.3908e+47  -9.0257e+47  -3.0127e+48  -7.5015e+48 +9.5903e-01 +2.4411e+01
 29  -1.7227e+37  -1.6505e+38  -1.1741e+39  -7.3516e+39  -5.8285e+48  -2.2011e+49  -7.3473e+49  -1.8291e+50 +9.5899e-01 +2.4384e+01
 30  -4.0903e+38  -3.9241e+39  -2.7956e+40  -1.7536e+41  -1.4196e+50  -5.3625e+50  -1.7901e+51  -4.4558e+51 +9.5895e-01 +2.4361e+01
 31  -9.7271e+39  -9.3430e+40  -6.6658e+41  -4.1877e+42  -3.4547e+51  -1.3053e+52  -4.3576e+52  -1.0845e+53 +9.5891e-01 +2.4340e+01
 32  -2.3166e+41  -2.2275e+42  -1.5913e+43  -1.0012e+44  -8.4009e+52  -3.1749e+53  -1.0599e+54  -2.6376e+54 +9.5888e-01 +2.4321e+01
 33  -5.5243e+42  -5.3174e+43  -3.8031e+44  -2.3960e+45  -2.0415e+54  -7.7169e+54  -2.5764e+55  -6.4103e+55 +9.5885e-01 +2.4304e+01
 34  -1.3190e+44  -1.2708e+45  -9.0988e+45  -5.7393e+46  -4.9582e+55  -1.8745e+56  -6.2585e+56  -1.5570e+57 +9.5883e-01 +2.4290e+01
 35  -3.1528e+45  -3.0401e+46  -2.1789e+47  -1.3759e+48  -1.2036e+57  -4.5510e+57  -1.5195e+58  -3.7799e+58 +9.5881e-01 +2.4277e+01
 36  -7.5438e+46  -7.2797e+47  -5.2222e+48  -3.3010e+49  -2.9202e+58  -1.1043e+59  -3.6873e+59  -9.1719e+59 +9.5879e-01 +2.4265e+01
 37  -1.8067e+48  -1.7447e+49  -1.2526e+50  -7.9251e+50  -7.0822e+59  -2.6787e+60  -8.9439e+60  -2.2246e+61 +9.5877e-01 +2.4255e+01
 38  -4.3307e+49  -4.1847e+50  -3.0066e+51  -1.9039e+52  -1.7170e+61  -6.4948e+61  -2.1686e+62  -5.3935e+62 +9.5875e-01 +2.4245e+01
 39  -1.0389e+51  -1.0044e+52  -7.2216e+52  -4.5764e+53  -4.1612e+62  -1.5742e+63  -5.2563e+63  -1.3072e+64 +9.5874e-01 +2.4237e+01
 40  -2.4938e+52  -2.4124e+53  -1.7356e+54  -1.1006e+55  -1.0082e+64  -3.8143e+64  -1.2737e+65  -3.1673e+65 +9.5873e-01 +2.4230e+01
 41  -5.9903e+53  -5.7976e+54  -4.1733e+55  -2.6481e+56  -2.4420e+65  -9.2398e+65  -3.0853e+66  -7.6722e+66 +9.5872e-01 +2.4223e+01
 42  -1.4397e+55  -1.3940e+56  -1.0040e+57  -6.3743e+57  -5.9135e+66  -2.2377e+67  -7.4720e+67  -1.8580e+68 +9.5871e-01 +2.4217e+01
 43  -3.4622e+56  -3.3536e+57  -2.4164e+58  -1.5349e+59  -1.4317e+68  -5.4179e+68  -1.8092e+69  -4.4985e+69 +9.5870e-01 +2.4212e+01
 44  -8.3296e+57  -8.0712e+58  -5.8180e+59  -3.6975e+60  -3.4656e+69  -1.3115e+70  -4.3796e+70  -1.0890e+71 +9.5869e-01 +2.4207e+01
 45  -2.0049e+59  -1.9433e+60  -1.4013e+61  -8.9095e+61  -8.3876e+70  -3.1744e+71  -1.0600e+72  -2.6356e+72 +9.5868e-01 +2.4203e+01
 46  -4.8275e+60  -4.6806e+61  -3.3764e+62  -2.1475e+63  -2.0297e+72  -7.6818e+72  -2.5652e+73  -6.3779e+73 +9.5868e-01 +2.4199e+01
 47  -1.1628e+62  -1.1277e+63  -8.1374e+63  -5.1774e+64  -4.9108e+73  -1.8587e+74  -6.2069e+74  -1.5432e+75 +9.5867e-01 +2.4196e+01
 48  -2.8018e+63  -2.7179e+64  -1.9617e+65  -1.2485e+66  -1.1880e+75  -4.4967e+75  -1.5016e+76  -3.7333e+76 +9.5866e-01 +2.4193e+01
 49  -6.7528e+64  -6.5520e+65  -4.7303e+66  -3.0114e+67  -2.8737e+76  -1.0878e+77  -3.6325e+77  -9.0308e+77 +9.5866e-01 +2.4190e+01
 50  -1.6280e+66  -1.5799e+67  -1.1409e+68  -7.2650e+68  -6.9507e+77  -2.6311e+78  -8.7862e+78  -2.1843e+79 +9.5866e-01 +2.4187e+01
 51  -3.9257e+67  -3.8104e+68  -2.7522e+69  -1.7529e+70  -1.6810e+79  -6.3633e+79  -2.1250e+80  -5.2828e+80 +9.5865e-01 +2.4185e+01
 52  -9.4684e+68  -9.1918e+69  -6.6403e+70  -4.2303e+71  -4.0651e+80  -1.5389e+81  -5.1390e+81  -1.2776e+82 +9.5865e-01 +2.4183e+01
 53  -2.2841e+70  -2.2177e+71  -1.6024e+72  -1.0210e+73  -9.8300e+81  -3.7212e+82  -1.2427e+83  -3.0893e+83 +9.5865e-01 +2.4181e+01
 54  -5.5111e+71  -5.3516e+72  -3.8673e+73  -2.4646e+74  -2.3768e+83  -8.9980e+83  -3.0048e+84  -7.4699e+84 +9.5864e-01 +2.4180e+01
 55  -1.3299e+73  -1.2916e+74  -9.3348e+74  -5.9498e+75  -5.7468e+84  -2.1756e+85  -7.2653e+85  -1.8061e+86 +9.5864e-01 +2.4178e+01
 56  -3.2098e+74  -3.1176e+75  -2.2535e+76  -1.4365e+77  -1.3894e+86  -5.2600e+86  -1.7566e+87  -4.3666e+87 +9.5864e-01 +2.4177e+01
 57  -7.7479e+75  -7.5260e+76  -5.4406e+77  -3.4686e+78  -3.3590e+87  -1.2717e+88  -4.2467e+88  -1.0557e+89 +9.5864e-01 +2.4176e+01
 58  -1.8704e+77  -1.8170e+78  -1.3137e+79  -8.3760e+79  -8.1202e+88  -3.0742e+89  -1.0266e+90  -2.5521e+90 +9.5863e-01 +2.4175e+01
 59  -4.5158e+78  -4.3872e+79  -3.1721e+80  -2.0228e+81  -1.9630e+90  -7.4317e+90  -2.4818e+91  -6.1694e+91 +9.5863e-01 +2.4174e+01
 60  -1.0904e+80  -1.0594e+81  -7.6605e+81  -4.8853e+82  -4.7451e+91  -1.7965e+92  -5.9994e+92  -1.4913e+93 +9.5863e-01 +2.4173e+01
 61  -2.6330e+81  -2.5583e+82  -1.8501e+83  -1.1799e+84  -1.1470e+93  -4.3426e+93  -1.4502e+94  -3.6049e+94 +9.5863e-01 +2.4172e+01
 62  -6.3585e+82  -6.1786e+83  -4.4684e+84  -2.8501e+85  -2.7725e+94  -1.0497e+95  -3.5054e+95  -8.7138e+95 +9.5863e-01 +2.4172e+01
 63  -1.5357e+84  -1.4923e+85  -1.0793e+86  -6.8844e+86  -6.7014e+95  -2.5372e+96  -8.4730e+96  -2.1062e+97 +9.5863e-01 +2.4171e+01
 64  -3.7090e+85  -3.6044e+86  -2.6070e+87  -1.6630e+88  -1.6198e+97  -6.1326e+97  -2.0480e+98  -5.0909e+98 +9.5863e-01 +2.4171e+01
 65  -8.9588e+86  -8.7065e+87  -6.2975e+88  -4.0174e+89  -3.9150e+98  -1.4823e+99  -4.9500e+99  -1.2305e+100 +9.5863e-01 +2.4170e+01
 66  -2.1640e+88  -2.1031e+89  -1.5213e+90  -9.7054e+90  -9.4623e+99  -3.5826e+100  -1.1964e+101  -2.9740e+101 +9.5863e-01 +2.4170e+01
 67  -5.2274e+89  -5.0805e+90  -3.6751e+91  -2.3447e+92  -2.2870e+101  -8.6588e+101  -2.8916e+102  -7.1879e+102 +9.5863e-01 +2.4169e+01
 68  -1.2628e+91  -1.2274e+92  -8.8787e+92  -5.6648e+93  -5.5273e+102  -2.0928e+103  -6.9888e+103  -1.7372e+104 +9.5862e-01 +2.4169e+01
 69  -3.0507e+92  -2.9651e+93  -2.1450e+94  -1.3686e+95  -1.3359e+104  -5.0579e+104  -1.6891e+105  -4.1987e+105 +9.5862e-01 +2.4169e+01
 70  -7.3700e+93  -7.1636e+94  -5.1824e+95  -3.3067e+96  -3.2286e+105  -1.2224e+106  -4.0823e+106  -1.0148e+107 +9.5862e-01 +2.4168e+01
 71  -1.7806e+95  -1.7307e+96  -1.2521e+97  -7.9895e+97  -7.8029e+106  -2.9543e+107  -9.8661e+107  -2.4525e+108 +9.5862e-01 +2.4168e+01
 72  -4.3019e+96  -4.1815e+97  -3.0252e+98  -1.9304e+99  -1.8858e+108  -7.1400e+108  -2.3844e+109  -5.9271e+109 +9.5862e-01 +2.4168e+01
 73  -1.0394e+98  -1.0103e+99  -7.3095e+99  -4.6643e+100  -4.5575e+109  -1.7256e+110  -5.7626e+110  -1.4324e+111 +9.5862e-01 +2.4168e+01
 74  -2.5112e+99  -2.4411e+100  -1.7661e+101  -1.1270e+102  -1.1014e+111  -4.1703e+111  -1.3927e+112  -3.4618e+112 +9.5862e-01 +2.4167e+01
 75  -6.0676e+100  -5.8981e+101  -4.2674e+102  -2.7232e+103  -2.6618e+112  -1.0078e+113  -3.3657e+113  -8.3663e+113 +9.5862e-01 +2.4167e+01
 76  -1.4661e+102  -1.4251e+103  -1.0311e+104  -6.5800e+104  -6.4329e+113  -2.4357e+114  -8.1340e+114  -2.0219e+115 +9.5862e-01 +2.4167e+01
 77  -3.5423e+103  -3.4435e+104  -2.4915e+105  -1.5900e+106  -1.5546e+115  -5.8863e+115  -1.9658e+116  -4.8863e+116 +9.5862e-01 +2.4167e+01
 78  -8.5593e+104  -8.3205e+105  -6.0203e+106  -3.8419e+107  -3.7571e+116  -1.4225e+117  -4.7506e+117  -1.1809e+118 +9.5862e-01 +2.4167e+01
 79  -2.0682e+106  -2.0105e+107  -1.4547e+108  -9.2836e+108  -9.0796e+117  -3.4378e+118  -1.1481e+119  -2.8538e+119 +9.5862e-01 +2.4167e+01
 80  -4.9975e+107  -4.8581e+108  -3.5152e+109  -2.2433e+110  -2.1942e+119  -8.3080e+119  -2.7745e+120  -6.8966e+120 +9.5862e-01 +2.4167e+01
 81  -1.2076e+109  -1.1739e+110  -8.4940e+110  -5.4208e+111  -5.3027e+120  -2.0078e+121  -6.7050e+121  -1.6667e+122 +9.5862e-01 +2.4167e+01
 82  -2.9180e+110  -2.8366e+111  -2.0525e+112  -1.3099e+113  -1.2815e+122  -4.8521e+122  -1.6204e+123  -4.0278e+123 +9.5862e-01 +2.4166e+01
 83  -7.0510e+111  -6.8545e+112  -4.9598e+113  -3.1653e+114  -3.0969e+123  -1.1726e+124  -3.9159e+124  -9.7337e+124 +9.5862e-01 +2.4166e+01
 84  -1.7038e+113  -1.6564e+114  -1.1985e+115  -7.6488e+115  -7.4840e+124  -2.8337e+125  -9.4632e+125  -2.3523e+126 +9.5862e-01 +2.4166e+01
 85  -4.1171e+114  -4.0025e+115  -2.8961e+116  -1.8483e+117  -1.8086e+126  -6.8480e+126  -2.2869e+127  -5.6846e+127 +9.5862e-01 +2.4166e+01
 86  -9.9489e+115  -9.6719e+116  -6.9985e+117  -4.4665e+118  -4.3707e+127  -1.6549e+128  -5.5266e+128  -1.3738e+129 +9.5862e-01 +2.4166e+01
 87  -2.4041e+117  -2.3372e+118  -1.6912e+119  -1.0793e+120  -1.0562e+129  -3.9993e+129  -1.3356e+130  -3.3198e+130 +9.5862e-01 +2.4166e+01
 88  -5.8095e+118  -5.6478e+119  -4.0867e+120  -2.6082e+121  -2.5525e+130  -9.6647e+130  -3.2276e+131  -8.0228e+131 +9.5862e-01 +2.4166e+01
 89  -1.4039e+120  -1.3648e+121  -9.8755e+121  -6.3027e+122  -6.1685e+131  -2.3356e+132  -7.7998e+132  -1.9388e+133 +9.5862e-01 +2.4166e+01
 90  -3.3924e+121  -3.2980e+122  -2.3864e+123  -1.5231e+124  -1.4907e+133  -5.6442e+133  -1.8849e+134  -4.6853e+134 +9.5862e-01 +2.4166e+01
 91  -8.1978e+122  -7.9696e+123  -5.7669e+124  -3.6805e+125  -3.6024e+134  -1.3640e+135  -4.5551e+135  -1.1323e+136 +9.5862e-01 +2.4166e+01
 92  -1.9810e+124  -1.9259e+125  -1.3936e+126  -8.8941e+126  -8.7055e+135  -3.2962e+136  -1.1008e+137  -2.7362e+137 +9.5862e-01 +2.4166e+01
 93  -4.7871e+125  -4.6539e+126  -3.3676e+127  -2.1493e+128  -2.1038e+137  -7.9656e+137  -2.6601e+138  -6.6123e+138 +9.5862e-01 +2.4166e+01
 94  -1.1568e+127  -1.1246e+128  -8.1380e+128  -5.1938e+129  -5.0840e+138  -1.9250e+139  -6.4285e+139  -1.5979e+140 +9.5862e-01 +2.4166e+01
 95  -2.7955e+128  -2.7177e+129  -1.9666e+130  -1.2551e+131  -1.2286e+140  -4.6518e+140  -1.5535e+141  -3.8616e+141 +9.5862e-01 +2.4166e+01
 96  -6.7554e+129  -6.5675e+130  -4.7523e+131  -3.0330e+132  -2.9690e+141  -1.1242e+142  -3.7542e+142  -9.3318e+142 +9.5862e-01 +2.4166e+01
 97  -1.6325e+131  -1.5871e+132  -1.1484e+133  -7.3295e+133  -7.1749e+142  -2.7166e+143  -9.0724e+143  -2.2551e+144 +9.5862e-01 +2.4166e+01
 98  -3.9449e+132  -3.8352e+133  -2.7752e+134  -1.7712e+135  -1.7339e+144  -6.5650e+144  -2.1924e+145  -5.4497e+145 +9.5862e-01 +2.4166e+01
 99  -9.5331e+133  -9.2680e+134  -6.7064e+135  -4.2802e+136  -4.1901e+145  -1.5865e+146  -5.2982e+146  -1.3170e+147 +9.5862e-01 +2.4166e+01
 100  -2.3037e+135  -2.2397e+136  -1.6206e+137  -1.0343e+138  -1.0126e+147  -3.8339e+147  -1.2804e+148  -3.1826e+148 +9.5862e-01 +2.4166e+01
 101  -5.5671e+136  -5.4122e+137  -3.9164e+138  -2.4996e+139  -2.4470e+148  -9.2650e+148  -3.0941e+149  -7.6910e+149 +9.5862e-01 +2.4166e+01
 102  -1.3453e+138  -1.3079e+139  -9.4642e+139  -6.0403e+140  -5.9133e+149  -2.2390e+150  -7.4771e+150  -1.8586e+151 +9.5862e-01 +2.4166e+01
 103  -3.2510e+139  -3.1606e+140  -2.2871e+141  -1.4597e+142  -1.4290e+151  -5.4107e+151  -1.8069e+152  -4.4915e+152 +9.5862e-01 +2.4166e+01
 104  -7.8563e+140  -7.6378e+141  -5.5269e+142  -3.5274e+143  -3.4533e+152  -1.3075e+153  -4.3666e+153  -1.0854e+154 +9.5862e-01 +2.4166e+01
 105  -1.8985e+142  -1.8457e+143  -1.3356e+144  -8.5243e+144  -8.3452e+153  -3.1598e+154  -1.0552e+155  -2.6230e+155 +9.5862e-01 +Inf
 106  -4.5879e+143  -4.4603e+144  -3.2276e+145  -2.0599e+146  -2.0167e+155  -7.6358e+155  -2.5500e+156  -6.3386e+156 +9.5862e-01 NaN
 107  -1.1087e+145  -1.0779e+146  -7.7997e+146  -4.9780e+147  -4.8735e+156  -1.8453e+157  -6.1623e+157  -1.5318e+158 +9.5862e-01 NaN
 108  -2.6793e+146  -2.6047e+147  -1.8848e+148  -1.2030e+149  -1.1777e+158  -4.4592e+158  -1.4892e+159  -3.7017e+159 +9.5862e-01 NaN
 109  -6.4746e+147  -6.2945e+148  -4.5549e+149  -2.9071e+150  -2.8461e+159  -1.0776e+160  -3.5987e+160  -8.9454e+160 +9.5862e-01 NaN
 110  -1.5646e+149  -1.5211e+150  -1.1007e+151  -7.0251e+151  -6.8777e+160  -2.6041e+161  -8.6966e+161  -2.1617e+162 +9.5862e-01 NaN
 111  -3.7810e+150  -3.6759e+151  -2.6600e+152  -1.6977e+153  -1.6621e+162  -6.2931e+162  -2.1016e+163  -5.2240e+163 +9.5862e-01 NaN
 112  -9.1372e+151  -8.8831e+152  -6.4280e+153  -4.1026e+154  -4.0165e+163  -1.5208e+164  -5.0787e+164  -1.2624e+165 +9.5862e-01 NaN
 113  -2.2081e+153  -2.1467e+154  -1.5534e+155  -9.9141e+155  -9.7062e+164  -3.6751e+165  -1.2273e+166  -3.0507e+166 +9.5862e-01 NaN
 114  -5.3359e+154  -5.1875e+155  -3.7538e+156  -2.3958e+157  -2.3456e+166  -8.8811e+166  -2.9659e+167  -7.3724e+167 +9.5862e-01 NaN
 115  -1.2895e+156  -1.2536e+157  -9.0714e+157  -5.7897e+158  -5.6683e+167  -2.1462e+168  -7.1674e+168  -1.7816e+169 +9.5862e-01 NaN
 116  -3.1161e+157  -3.0294e+158  -2.1922e+159  -1.3991e+160  -1.3698e+169  -5.1865e+169  -1.7320e+170  -4.3054e+170 +9.5862e-01 NaN
 117  -7.5303e+158  -7.3209e+159  -5.2975e+160  -3.3811e+161  -3.3102e+170  -1.2534e+171  -4.1856e+171  -1.0404e+172 +9.5862e-01 NaN
 118  -1.8197e+160  -1.7691e+161  -1.2802e+162  -8.1706e+162  -7.9994e+171  -3.0288e+172  -1.0115e+173  -2.5143e+173 +9.5862e-01 NaN
 119  -4.3976e+161  -4.2753e+162  -3.0937e+163  -1.9745e+164  -1.9331e+173  -7.3194e+173  -2.4444e+174  -6.0759e+174 +9.5862e-01 NaN
 120  -1.0627e+163  -1.0332e+164  -7.4761e+164  -4.7715e+165  -4.6715e+174  -1.7688e+175  -5.9070e+175  -1.4683e+176 +9.5862e-01 NaN
 121  -2.5681e+164  -2.4967e+165  -1.8067e+166  -1.1531e+167  -1.1289e+176  -4.2744e+176  -1.4275e+177  -3.5483e+177 +9.5862e-01 NaN
 122  -6.2060e+165  -6.0334e+166  -4.3659e+167  -2.7865e+168  -2.7281e+177  -1.0329e+178  -3.4496e+178  -8.5746e+178 +9.5862e-01 NaN
 123  -1.4997e+167  -1.4580e+168  -1.0551e+169  -6.7338e+169  -6.5927e+178  -2.4962e+179  -8.3362e+179  -2.0721e+180 +9.5862e-01 NaN
 124  -3.6242e+168  -3.5234e+169  -2.5496e+170  -1.6273e+171  -1.5932e+180  -6.0323e+180  -2.0145e+181  -5.0075e+181 +9.5862e-01 NaN
 125  -8.7582e+169  -8.5146e+170  -6.1614e+171  -3.9324e+172  -3.8500e+181  -1.4577e+182  -4.8682e+182  -1.2101e+183 +9.5862e-01 NaN
 126  -2.1165e+171  -2.0576e+172  -1.4889e+173  -9.5030e+173  -9.3039e+182  -3.5228e+183  -1.1764e+184  -2.9243e+184 +9.5862e-01 NaN
 127  -5.1146e+172  -4.9724e+173  -3.5982e+174  -2.2965e+175  -2.2484e+184  -8.5130e+184  -2.8430e+185  -7.0668e+185 +9.5862e-01 NaN
 128  -1.2360e+174  -1.2016e+175  -8.6952e+175  -5.5496e+176  -5.4333e+185  -2.0572e+186  -6.8703e+186  -1.7077e+187 +9.5862e-01 NaN
 129  -2.9869e+175  -2.9038e+176  -2.1013e+177  -1.3411e+178  -1.3130e+187  -4.9715e+187  -1.6603e+188  -4.1269e+188 +9.5862e-01 NaN
 130  -7.2180e+176  -7.0173e+177  -5.0779e+178  -3.2409e+179  -3.1730e+188  -1.2014e+189  -4.0121e+189  -9.9730e+189 +9.5862e-01 NaN
 131  -1.7443e+178  -1.6958e+179  -1.2271e+180  -7.8319e+180  -7.6678e+189  -2.9033e+190  -9.6957e+190  -2.4101e+191 +9.5862e-01 NaN
 132  -4.2152e+179  -4.0980e+180  -2.9654e+181  -1.8926e+182  -1.8530e+191  -7.0160e+191  -2.3430e+192  -5.8241e+192 +9.5862e-01 NaN
 133  -1.0186e+181  -9.9031e+181  -7.1661e+182  -4.5737e+183  -4.4779e+192  -1.6955e+193  -5.6621e+193  -1.4074e+194 +9.5862e-01 NaN
 134  -2.4616e+182  -2.3932e+183  -1.7318e+184  -1.1053e+185  -1.0821e+194  -4.0972e+194  -1.3683e+195  -3.4012e+195 +9.5862e-01 NaN
 135  -5.9487e+183  -5.7833e+184  -4.1849e+185  -2.6710e+186  -2.6150e+195  -9.9013e+195  -3.3066e+196  -8.2192e+196 +9.5862e-01 NaN
 136  -1.4376e+185  -1.3976e+186  -1.0113e+187  -6.4546e+187  -6.3194e+196  -2.3927e+197  -7.9907e+197  -1.9862e+198 +9.5862e-01 NaN
 137  -3.4740e+186  -3.3774e+187  -2.4439e+188  -1.5598e+189  -1.5271e+198  -5.7822e+198  -1.9310e+199  -4.7999e+199 +9.5862e-01 NaN
 138  -8.3951e+187  -8.1616e+188  -5.9060e+189  -3.7694e+190  -3.6904e+199  -1.3973e+200  -4.6664e+200  -1.1599e+201 +9.5862e-01 NaN
 139  -2.0287e+189  -1.9723e+190  -1.4272e+191  -9.1090e+191  -8.9182e+200  -3.3767e+201  -1.1277e+202  -2.8031e+202 +9.5862e-01 NaN
 140  -4.9026e+190  -4.7663e+191  -3.4490e+192  -2.2013e+193  -2.1552e+202  -8.1602e+202  -2.7251e+203  -6.7738e+203 +9.5862e-01 NaN
 141  -1.1848e+192  -1.1518e+193  -8.3348e+193  -5.3196e+194  -5.2081e+203  -1.9720e+204  -6.5855e+204  -1.6370e+205 +9.5862e-01 NaN
 142  -2.8630e+193  -2.7834e+194  -2.0142e+195  -1.2855e+196  -1.2586e+205  -4.7654e+205  -1.5914e+206  -3.9558e+206 +9.5862e-01 NaN
 143  -6.9188e+194  -6.7264e+195  -4.8674e+196  -3.1065e+197  -3.0415e+206  -1.1516e+207  -3.8458e+207  -9.5596e+207 +9.5862e-01 NaN
 144  -1.6720e+196  -1.6255e+197  -1.1762e+198  -7.5072e+198  -7.3499e+207  -2.7829e+208  -9.2938e+208  -2.3101e+209 +9.5862e-01 NaN
 145  -4.0405e+197  -3.9281e+198  -2.8425e+199  -1.8142e+200  -1.7762e+209  -6.7252e+209  -2.2459e+210  -5.5827e+210 +9.5862e-01 NaN
 146  -9.7641e+198  -9.4926e+199  -6.8691e+200  -4.3841e+201  -4.2923e+210  -1.6252e+211  -5.4274e+211  -1.3491e+212 +9.5862e-01 NaN
 147  -2.3596e+200  -2.2940e+201  -1.6600e+202  -1.0595e+203  -1.0373e+212  -3.9274e+212  -1.3116e+213  -3.2602e+213 +9.5862e-01 NaN
 148  -5.7021e+201  -5.5435e+202  -4.0114e+203  -2.5602e+204  -2.5066e+213  -9.4909e+213  -3.1695e+214  -7.8785e+214 +9.5862e-01 NaN
 149  -1.3780e+203  -1.3396e+204  -9.6939e+204  -6.1870e+205  -6.0574e+214  -2.2935e+215  -7.6594e+215  -1.9039e+216 +9.5862e-01 NaN
 150  -3.3299e+204  -3.2373e+205  -2.3426e+206  -1.4951e+207  -1.4638e+216  -5.5425e+216  -1.8510e+217  -4.6009e+217 +9.5862e-01 NaN
 151  -8.0471e+205  -7.8233e+206  -5.6611e+207  -3.6131e+208  -3.5375e+217  -1.3394e+218  -4.4730e+218  -1.1119e+219 +9.5862e-01 NaN
 152  -1.9446e+207  -1.8906e+208  -1.3681e+209  -8.7314e+209  -8.5485e+218  -3.2368e+219  -1.0809e+220  -2.6869e+220 +9.5862e-01 NaN
 153  -4.6994e+208  -4.5687e+209  -3.3060e+210  -2.1100e+211  -2.0658e+220  -7.8219e+220  -2.6122e+221  -6.4930e+221 +9.5862e-01 NaN
 154  -1.1356e+210  -1.1041e+211  -7.9892e+211  -5.0990e+212  -4.9922e+221  -1.8902e+222  -6.3125e+222  -1.5691e+223 +9.5862e-01 NaN
 155  -2.7444e+211  -2.6680e+212  -1.9307e+213  -1.2322e+214  -1.2064e+223  -4.5679e+223  -1.5255e+224  -3.7918e+224 +9.5862e-01 NaN
 156  -6.6320e+212  -6.4476e+213  -4.6656e+214  -2.9778e+215  -2.9154e+224  -1.1039e+225  -3.6864e+225  -9.1633e+225 +9.5862e-01 NaN
 157  -1.6027e+214  -1.5581e+215  -1.1275e+216  -7.1960e+216  -7.0453e+225  -2.6676e+226  -8.9085e+226  -2.2144e+227 +9.5862e-01 NaN
 158  -3.8730e+215  -3.7653e+216  -2.7246e+217  -1.7390e+218  -1.7025e+227  -6.4464e+227  -2.1528e+228  -5.3512e+228 +9.5862e-01 NaN
 159  -9.3593e+216  -9.0991e+217  -6.5843e+218  -4.2024e+219  -4.1143e+228  -1.5578e+229  -5.2024e+229  -1.2932e+230 +9.5862e-01 NaN
 160  -2.2618e+218  -2.1989e+219  -1.5912e+220  -1.0155e+221  -9.9426e+229  -3.7646e+230  -1.2572e+231  -3.1250e+231 +9.5862e-01 NaN
 161  -5.4657e+219  -5.3137e+220  -3.8451e+221  -2.4541e+222  -2.4027e+231  -9.0974e+231  -3.0381e+232  -7.5519e+232 +9.5862e-01 NaN
 162  -1.3208e+221  -1.2841e+222  -9.2921e+222  -5.9306e+223  -5.8063e+232  -2.1985e+233  -7.3419e+233  -1.8250e+234 +9.5862e-01 NaN
 163  -3.1919e+222  -3.1031e+223  -2.2455e+224  -1.4332e+225  -1.4031e+234  -5.3128e+234  -1.7742e+235  -4.4102e+235 +9.5862e-01 NaN
 164  -7.7135e+223  -7.4990e+224  -5.4264e+225  -3.4634e+226  -3.3908e+235  -1.2839e+236  -4.2876e+236  -1.0658e+237 +9.5862e-01 NaN
 165  -1.8640e+225  -1.8122e+226  -1.3113e+227  -8.3695e+227  -8.1942e+236  -3.1026e+237  -1.0361e+238  -2.5755e+238 +9.5862e-01 NaN
 166  -4.5046e+226  -4.3793e+227  -3.1690e+228  -2.0226e+229  -1.9802e+238  -7.4976e+238  -2.5039e+239  -6.2239e+239 +9.5862e-01 NaN
 167  -1.0886e+228  -1.0583e+229  -7.6581e+229  -4.8877e+230  -4.7853e+239  -1.8119e+240  -6.0508e+240  -1.5041e+241 +9.5862e-01 NaN
 168  -2.6306e+229  -2.5574e+230  -1.8506e+231  -1.1811e+232  -1.1564e+241  -4.3785e+241  -1.4622e+242  -3.6347e+242 +9.5862e-01 NaN
 169  -6.3570e+230  -6.1803e+231  -4.4722e+232  -2.8543e+233  -2.7945e+242  -1.0581e+243  -3.5336e+243  -8.7834e+243 +9.5862e-01 NaN
 170  -1.5362e+232  -1.4935e+233  -1.0807e+234  -6.8977e+234  -6.7532e+243  -2.5570e+244  -8.5392e+244  -2.1226e+245 +9.5862e-01 NaN
 171  -3.7124e+233  -3.6092e+234  -2.6117e+235  -1.6669e+236  -1.6320e+245  -6.1792e+245  -2.0636e+246  -5.1294e+246 +9.5862e-01 NaN
 172  -8.9714e+234  -8.7219e+235  -6.3114e+236  -4.0281e+237  -3.9438e+246  -1.4932e+247  -4.9868e+247  -1.2396e+248 +9.5862e-01 NaN
 173  -2.1680e+236  -2.1077e+237  -1.5252e+238  -9.7343e+238  -9.5304e+247  -3.6085e+248  -1.2051e+249  -2.9955e+249 +9.5862e-01 NaN
 174  -5.2391e+237  -5.0935e+238  -3.6857e+239  -2.3524e+240  -2.3031e+249  -8.7203e+249  -2.9122e+250  -7.2389e+250 +9.5862e-01 NaN
 175  -1.2661e+239  -1.2309e+240  -8.9069e+240  -5.6847e+241  -5.5656e+250  -2.1073e+251  -7.0376e+251  -1.7493e+252 +9.5862e-01 NaN
 176  -3.0596e+240  -2.9745e+241  -2.1524e+242  -1.3738e+243  -1.3450e+252  -5.0925e+252  -1.7007e+253  -4.2274e+253 +9.5862e-01 NaN
 177  -7.3937e+241  -7.1881e+242  -5.2015e+243  -3.3198e+244  -3.2503e+253  -1.2307e+254  -4.1098e+254  -1.0216e+255 +9.5862e-01 NaN
 178  -1.7868e+243  -1.7371e+244  -1.2570e+245  -8.0225e+245  -7.8545e+254  -2.9740e+255  -9.9317e+255  -2.4687e+256 +9.5862e-01 NaN
 179  -4.3178e+244  -4.1978e+245  -3.0376e+246  -1.9387e+247  -1.8981e+256  -7.1868e+256  -2.4001e+257  -5.9659e+257 +9.5862e-01 NaN
 180  -1.0434e+246  -1.0144e+247  -7.3406e+247  -4.6850e+248  -4.5869e+257  -1.7368e+258  -5.8000e+258  -1.4417e+259 +9.5862e-01 NaN
 181  -2.5215e+247  -2.4514e+248  -1.7739e+249  -1.1322e+250  -1.1085e+259  -4.1970e+259  -1.4016e+260  -3.4840e+260 +9.5862e-01 NaN
 182  -6.0935e+248  -5.9241e+249  -4.2868e+250  -2.7360e+251  -2.6787e+260  -1.0142e+261  -3.3871e+261  -8.4193e+261 +9.5862e-01 NaN
 183  -1.4725e+250  -1.4316e+251  -1.0359e+252  -6.6118e+252  -6.4733e+261  -2.4510e+262  -8.1852e+262  -2.0346e+263 +9.5862e-01 NaN
 184  -3.5585e+251  -3.4596e+252  -2.5034e+253  -1.5978e+254  -1.5643e+263  -5.9230e+263  -1.9780e+264  -4.9168e+264 +9.5862e-01 NaN
 185  -8.5995e+252  -8.3603e+253  -6.0497e+254  -3.8612e+255  -3.7803e+264  -1.4313e+265  -4.7800e+265  -1.1882e+266 +9.5862e-01 NaN
 186  -2.0781e+254  -2.0203e+255  -1.4620e+256  -9.3308e+256  -9.1354e+265  -3.4590e+266  -1.1551e+267  -2.8713e+267 +9.5862e-01 NaN
 187  -5.0220e+255  -4.8823e+256  -3.5330e+257  -2.2549e+258  -2.2076e+267  -8.3588e+267  -2.7915e+268  -6.9388e+268 +9.5862e-01 NaN
 188  -1.2136e+257  -1.1798e+258  -8.5377e+258  -5.4491e+259  -5.3349e+268  -2.0200e+269  -6.7458e+269  -1.6768e+270 +9.5862e-01 NaN
 189  -2.9328e+258  -2.8512e+259  -2.0632e+260  -1.3168e+261  -1.2892e+270  -4.8814e+270  -1.6302e+271  -4.0521e+271 +9.5862e-01 NaN
 190  -7.0872e+259  -6.8902e+260  -4.9859e+261  -3.1822e+262  -3.1155e+271  -1.1796e+272  -3.9395e+272  -9.7923e+272 +9.5862e-01 NaN
 191  -1.7127e+261  -1.6651e+262  -1.2049e+263  -7.6900e+263  -7.5289e+272  -2.8507e+273  -9.5200e+273  -2.3664e+274 +9.5862e-01 NaN
 192  -4.1388e+262  -4.0237e+263  -2.9117e+264  -1.8583e+265  -1.8194e+274  -6.8889e+274  -2.3006e+275  -5.7186e+275 +9.5862e-01 NaN
 193  -1.0002e+264  -9.7237e+264  -7.0363e+265  -4.4908e+266  -4.3968e+275  -1.6648e+276  -5.5596e+276  -1.3819e+277 +9.5862e-01 NaN
 194  -2.4170e+265  -2.3498e+266  -1.7004e+267  -1.0852e+268  -1.0625e+277  -4.0230e+277  -1.3435e+278  -3.3396e+278 +9.5862e-01 NaN
 195  -5.8409e+266  -5.6785e+267  -4.1091e+268  -2.6226e+269  -2.5676e+278  -9.7220e+278  -3.2467e+279  -8.0703e+279 +9.5862e-01 NaN
 196  -1.4115e+268  -1.3723e+269  -9.9300e+269  -6.3377e+270  -6.2049e+279  -2.3494e+280  -7.8459e+280  -1.9503e+281 +9.5862e-01 NaN
 197  -3.4110e+269  -3.3162e+270  -2.3997e+271  -1.5315e+272  -1.4995e+281  -5.6775e+281  -1.8960e+282  -4.7129e+282 +9.5862e-01 NaN
 198  -8.2430e+270  -8.0138e+271  -5.7989e+272  -3.7011e+273  -3.6236e+282  -1.3720e+283  -4.5819e+283  -1.1389e+284 +9.5862e-01 NaN
 199  -1.9920e+272  -1.9366e+273  -1.4014e+274  -8.9440e+274  -8.7567e+283  -3.3156e+284  -1.1073e+285  -2.7523e+285 +9.5862e-01 NaN
 200  -4.8138e+273  -4.6799e+274  -3.3865e+275  -2.1614e+276  -2.1161e+285  -8.0123e+285  -2.6758e+286  -6.6511e+286 +9.5862e-01 NaN
 201  -1.1633e+275  -1.1309e+276  -8.1837e+276  -5.2232e+277  -5.1138e+286  -1.9362e+287  -6.4662e+287  -1.6073e+288 +9.5862e-01 NaN
 202  -2.8112e+276  -2.7330e+277  -1.9777e+278  -1.2622e+279  -1.2358e+288  -4.6791e+288  -1.5626e+289  -3.8842e+289 +9.5862e-01 NaN
 203  -6.7934e+277  -6.6045e+278  -4.7792e+279  -3.0503e+280  -2.9864e+289  -1.1307e+290  -3.7762e+290  -9.3864e+290 +9.5862e-01 NaN
 204  -1.6417e+279  -1.5960e+280  -1.1549e+281  -7.3712e+281  -7.2168e+290  -2.7325e+291  -9.1254e+291  -2.2683e+292 +9.5862e-01 NaN
 205  -3.9673e+280  -3.8569e+281  -2.7910e+282  -1.7813e+283  -1.7440e+292  -6.6033e+292  -2.2052e+293  -5.4815e+293 +9.5862e-01 NaN
 206  -9.5872e+281  -9.3206e+282  -6.7446e+283  -4.3047e+284  -4.2145e+293  -1.5957e+294  -5.3291e+294  -1.3247e+295 +9.5862e-01 NaN
 207  -2.3168e+283  -2.2524e+284  -1.6299e+285  -1.0403e+286  -1.0185e+295  -3.8563e+295  -1.2878e+296  -3.2011e+296 +9.5862e-01 NaN
 208  -5.5988e+284  -5.4431e+285  -3.9388e+286  -2.5139e+287  -2.4612e+296  -9.3189e+296  -3.1121e+297  -7.7358e+297 +9.5862e-01 NaN
 209  -1.3530e+286  -1.3154e+287  -9.5183e+287  -6.0749e+288  -5.9477e+297  -2.2520e+298  -7.5207e+298  -1.8694e+299 +9.5862e-01 NaN
 210  -3.2696e+287  -3.1787e+288  -2.3002e+289  -1.4681e+290  -1.4373e+299  -5.4421e+299  -1.8174e+300  -4.5176e+300 +9.5862e-01 NaN
 211  -7.9013e+288  -7.6816e+289  -5.5586e+290  -3.5477e+291  -3.4734e+300  -1.3151e+301  -4.3920e+301  -1.0917e+302 +9.5862e-01 NaN
 212  -1.9094e+290  -1.8563e+291  -1.3433e+292  -8.5733e+292  -8.3937e+301  -3.1781e+302  -1.0614e+303  -2.6382e+303 +9.5862e-01 NaN
 213  -4.6142e+291  -4.4859e+292  -3.2461e+293  -2.0718e+294  -2.0284e+303  -7.6802e+303  -2.5648e+304  -6.3754e+304 +9.5862e-01 NaN
 214  -1.1151e+293  -1.0841e+294  -7.8445e+294  -5.0067e+295  -4.9018e+304  -1.8560e+305  -6.1981e+305  -Inf NaN NaN
 A converged solution was found after 214 iterations.

