
 OUTPUT FROM bailey_pset4_problem1_a.m 

 Solving Z * x = b for a tridiagonal system of size n =   20 using Jacobi Iteration 

 k+1     x(1)         x(2)         x(3)        x(4)          x(n-3)       x(n-2)       x(n-1)       x(n)       check       alpha
----------------------------------------------------------------------------------------------------------------------------------
  1  +1.1338e-03  +5.0000e-01  +0.0000e+00  +0.0000e+00  +0.0000e+00  +0.0000e+00  +5.0000e-01  +1.1338e-03 +1.9977e+00 +4.9889e-01
  2  +2.5113e-01  +5.6689e-04  +2.5000e-01  +0.0000e+00  +0.0000e+00  +2.5000e-01  +5.6689e-04  +2.5113e-01 +1.9887e+00 +7.0555e-01
  3  +1.4172e-03  +2.5057e-01  +2.8345e-04  +1.2500e-01  +1.2500e-01  +2.8345e-04  +2.5057e-01  +1.4172e-03 +9.9774e-01 +7.8883e-01
  4  +1.2642e-01  +8.5034e-04  +1.8778e-01  +1.4172e-04  +1.4172e-04  +1.8778e-01  +8.5034e-04  +1.2642e-01 +1.3298e+00 +8.3482e-01
  5  +1.5590e-03  +1.5710e-01  +4.9603e-04  +1.2514e-01  +1.2514e-01  +4.9603e-04  +1.5710e-01  +1.5590e-03 +1.1922e+00 +8.6411e-01
  6  +7.9684e-02  +1.0275e-03  +1.4112e-01  +2.8345e-04  +2.8345e-04  +1.4112e-01  +1.0275e-03  +7.9684e-02 +1.1060e+00 +8.8445e-01
  7  +1.6475e-03  +1.1040e-01  +6.5547e-04  +1.0966e-01  +1.0966e-01  +6.5547e-04  +1.1040e-01  +1.6475e-03 +1.2723e+00 +8.9939e-01
  8  +5.6335e-02  +1.1515e-03  +1.1003e-01  +4.0745e-04  +4.0745e-04  +1.1003e-01  +1.1515e-03  +5.6335e-02 +9.9404e-01 +9.1084e-01
  9  +1.7095e-03  +8.3183e-02  +7.7948e-04  +9.4157e-02  +9.4157e-02  +7.7948e-04  +8.3183e-02  +1.7095e-03 +1.1603e+00 +9.1990e-01
 10  +4.2725e-02  +1.2445e-03  +8.8670e-02  +5.1375e-04  +5.1375e-04  +8.8670e-02  +1.2445e-03  +4.2725e-02 +1.0561e+00 +9.2724e-01
 11  +1.7560e-03  +6.5698e-02  +8.7913e-04  +8.1080e-02  +8.1080e-02  +8.7913e-04  +6.5698e-02  +1.7560e-03 +1.0828e+00 +9.3331e-01
 12  +3.3983e-02  +1.3176e-03  +7.3389e-02  +6.0509e-04  +6.0509e-04  +7.3389e-02  +1.3176e-03  +3.3983e-02 +1.0966e+00 +9.3842e-01
 13  +1.7926e-03  +5.3686e-02  +9.6134e-04  +7.0429e-02  +7.0429e-02  +9.6134e-04  +5.3686e-02  +1.7926e-03 +1.0284e+00 +9.4277e-01
 14  +2.7977e-02  +1.3770e-03  +6.2058e-02  +6.8426e-04  +6.8426e-04  +6.2058e-02  +1.3770e-03  +2.7977e-02 +1.1239e+00 +9.4653e-01
 15  +1.8223e-03  +4.5017e-02  +1.0306e-03  +6.1780e-02  +6.1780e-02  +1.0306e-03  +4.5017e-02  +1.8223e-03 +9.8892e-01 +9.4981e-01
 16  +2.3642e-02  +1.4264e-03  +5.3399e-02  +7.6879e-04  +7.6879e-04  +5.3399e-02  +1.4264e-03  +2.3642e-02 +1.0891e+00 +9.5269e-01
 17  +1.8470e-03  +3.8521e-02  +1.0976e-03  +5.4709e-02  +5.4709e-02  +1.0976e-03  +3.8521e-02  +1.8470e-03 +1.0119e+00 +9.5526e-01
 18  +2.0394e-02  +1.4723e-03  +4.6615e-02  +8.7957e-04  +8.7957e-04  +4.6615e-02  +1.4723e-03  +2.0394e-02 +1.0529e+00 +9.5755e-01
 19  +1.8699e-03  +3.3504e-02  +1.1759e-03  +4.8869e-02  +4.8869e-02  +1.1759e-03  +3.3504e-02  +1.8699e-03 +1.0280e+00 +9.5961e-01
 20  +1.7886e-02  +1.5229e-03  +4.1186e-02  +1.0314e-03  +1.0314e-03  +4.1186e-02  +1.5229e-03  +1.7886e-02 +1.0221e+00 +9.6148e-01
 21  +1.8953e-03  +2.9536e-02  +1.2772e-03  +4.3995e-02  +4.3995e-02  +1.2772e-03  +2.9536e-02  +1.8953e-03 +1.0369e+00 +9.6318e-01
 22  +1.5902e-02  +1.5862e-03  +3.6765e-02  +1.2304e-03  +1.2304e-03  +3.6765e-02  +1.5862e-03  +1.5902e-02 +9.9439e-01 +9.6473e-01
 23  +1.9269e-03  +2.6334e-02  +1.4083e-03  +3.9885e-02  +3.9885e-02  +1.4083e-03  +2.6334e-02  +1.9269e-03 +1.0395e+00 +9.6616e-01
 24  +1.4301e-02  +1.6676e-03  +3.3110e-02  +1.4755e-03  +1.4755e-03  +3.3110e-02  +1.6676e-03  +1.4301e-02 +9.6833e-01 +9.6748e-01
 25  +1.9676e-03  +2.3705e-02  +1.5716e-03  +3.6388e-02  +3.6388e-02  +1.5716e-03  +2.3705e-02  +1.9676e-03 +1.0178e+00 +9.6870e-01
 26  +1.2986e-02  +1.7696e-03  +3.0046e-02  +1.7607e-03  +1.7607e-03  +3.0046e-02  +1.7696e-03  +1.2986e-02 +9.4690e-01 +9.6984e-01
 27  +2.0186e-03  +2.1516e-02  +1.7651e-03  +3.3384e-02  +3.3384e-02  +1.7651e-03  +2.1516e-02  +2.0186e-03 +9.8503e-01 +9.7090e-01
 28  +1.1892e-02  +1.8919e-03  +2.7450e-02  +2.0772e-03  +2.0772e-03  +2.7450e-02  +1.8919e-03  +1.1892e-02 +9.2997e-01 +9.7189e-01
 29  +2.0797e-03  +1.9671e-02  +1.9846e-03  +3.0785e-02  +3.0785e-02  +1.9846e-03  +1.9671e-02  +2.0797e-03 +9.5246e-01 +9.7281e-01
 30  +1.0969e-02  +2.0321e-03  +2.5228e-02  +2.4157e-03  +2.4157e-03  +2.5228e-02  +2.0321e-03  +1.0969e-02 +9.1050e-01 +9.7369e-01
 31  +2.1499e-03  +1.8099e-02  +2.2239e-03  +2.8519e-02  +2.8519e-02  +2.2239e-03  +1.8099e-02  +2.1499e-03 +9.1985e-01 +9.7451e-01
 32  +1.0183e-02  +2.1869e-03  +2.3309e-02  +2.7668e-03  +2.7668e-03  +2.3309e-02  +2.1869e-03  +1.0183e-02 +8.8875e-01 +9.7528e-01
 33  +2.2272e-03  +1.6746e-02  +2.4769e-03  +2.6530e-02  +2.6530e-02  +2.4769e-03  +1.6746e-02  +2.2272e-03 +8.8714e-01 +9.7601e-01
 34  +9.5068e-03  +2.3520e-03  +2.1638e-02  +3.1222e-03  +3.1222e-03  +2.1638e-02  +2.3520e-03  +9.5068e-03 +8.6501e-01 +9.7670e-01
 35  +2.3098e-03  +1.5572e-02  +2.7371e-03  +2.4774e-02  +2.4774e-02  +2.7371e-03  +1.5572e-02  +2.3098e-03 +8.5434e-01 +9.7736e-01
 36  +8.9199e-03  +2.5235e-03  +2.0173e-02  +3.4746e-03  +3.4746e-03  +2.0173e-02  +2.5235e-03  +8.9199e-03 +8.3572e-01 +9.7798e-01
 37  +2.3955e-03  +1.4546e-02  +2.9990e-03  +2.3214e-02  +2.3214e-02  +2.9990e-03  +1.4546e-02  +2.3955e-03 +8.2149e-01 +9.7857e-01
 38  +8.4070e-03  +2.6973e-03  +1.8880e-02  +3.8181e-03  +3.8181e-03  +1.8880e-02  +2.6973e-03  +8.4070e-03 +7.9689e-01 +9.7913e-01
 39  +2.4824e-03  +1.3644e-02  +3.2577e-03  +2.1823e-02  +2.1823e-02  +3.2577e-03  +1.3644e-02  +2.4824e-03 +7.8870e-01 +9.7966e-01
 40  +7.9556e-03  +2.8700e-03  +1.7733e-02  +4.1481e-03  +4.1481e-03  +1.7733e-02  +2.8700e-03  +7.9556e-03 +7.5919e-01 +9.8017e-01
 41  +2.5688e-03  +1.2844e-02  +3.5091e-03  +2.0575e-02  +2.0575e-02  +3.5091e-03  +1.2844e-02  +2.5688e-03 +7.5607e-01 +9.8065e-01
 42  +7.5560e-03  +3.0389e-03  +1.6710e-02  +4.4611e-03  +4.4611e-03  +1.6710e-02  +3.0389e-03  +7.5560e-03 +7.2256e-01 +9.8110e-01
 43  +2.6533e-03  +1.2133e-02  +3.7500e-03  +1.9452e-02  +1.9452e-02  +3.7500e-03  +1.2133e-02  +2.6533e-03 +7.2371e-01 +9.8154e-01
 44  +7.2003e-03  +3.2016e-03  +1.5792e-02  +4.7546e-03  +4.7546e-03  +1.5792e-02  +3.2016e-03  +7.2003e-03 +6.8699e-01 +9.8195e-01
 45  +2.7346e-03  +1.1496e-02  +3.9781e-03  +1.8437e-02  +1.8437e-02  +3.9781e-03  +1.1496e-02  +2.7346e-03 +6.9173e-01 +9.8234e-01
 46  +6.8820e-03  +3.3564e-03  +1.4966e-02  +5.0271e-03  +5.0271e-03  +1.4966e-02  +3.3564e-03  +6.8820e-03 +6.5267e-01 +9.8271e-01
 47  +2.8120e-03  +1.0924e-02  +4.1917e-03  +1.7515e-02  +1.7515e-02  +4.1917e-03  +1.0924e-02  +2.8120e-03 +6.6024e-01 +9.8306e-01
 48  +6.5959e-03  +3.5019e-03  +1.4220e-02  +5.2775e-03  +5.2775e-03  +1.4220e-02  +3.5019e-03  +6.5959e-03 +6.1981e-01 +9.8339e-01
 49  +2.8847e-03  +1.0408e-02  +4.3897e-03  +1.6676e-02  +1.6676e-02  +4.3897e-03  +1.0408e-02  +2.8847e-03 +6.2934e-01 +9.8371e-01
 50  +6.3377e-03  +3.6372e-03  +1.3542e-02  +5.5056e-03  +5.5056e-03  +1.3542e-02  +3.6372e-03  +6.3377e-03 +5.8802e-01 +9.8401e-01
 51  +2.9524e-03  +9.9399e-03  +4.5714e-03  +1.5910e-02  +1.5910e-02  +4.5714e-03  +9.9399e-03  +2.9524e-03 +5.9400e-01 +9.8429e-01
 52  +6.1037e-03  +3.7619e-03  +1.2925e-02  +5.7115e-03  +5.7115e-03  +1.2925e-02  +3.7619e-03  +6.1037e-03 +5.5733e-01 +9.8456e-01
 53  +3.0147e-03  +9.5144e-03  +4.7367e-03  +1.5208e-02  +1.5208e-02  +4.7367e-03  +9.5144e-03  +3.0147e-03 +5.5971e-01 +9.8482e-01
 54  +5.8910e-03  +3.8757e-03  +1.2361e-02  +5.8956e-03  +5.8956e-03  +1.2361e-02  +3.8757e-03  +5.8910e-03 +5.2775e-01 +9.8506e-01
 55  +3.0717e-03  +9.1262e-03  +4.8857e-03  +1.4564e-02  +1.4564e-02  +4.8857e-03  +9.1262e-03  +3.0717e-03 +5.2715e-01 +9.8528e-01
 56  +5.6969e-03  +3.9787e-03  +1.1845e-02  +6.0587e-03  +6.0587e-03  +1.1845e-02  +3.9787e-03  +5.6969e-03 +4.9929e-01 +9.8550e-01
 57  +3.1231e-03  +8.7709e-03  +5.0187e-03  +1.3970e-02  +1.3970e-02  +5.0187e-03  +8.7709e-03  +3.1231e-03 +4.9624e-01 +9.8570e-01
 58  +5.5192e-03  +4.0709e-03  +1.1370e-02  +6.2016e-03  +6.2016e-03  +1.1370e-02  +4.0709e-03  +5.5192e-03 +4.7197e-01 +9.8589e-01
 59  +3.1692e-03  +8.4448e-03  +5.1362e-03  +1.3421e-02  +1.3421e-02  +5.1362e-03  +8.4448e-03  +3.1692e-03 +4.6693e-01 +9.8607e-01
 60  +5.3562e-03  +4.1527e-03  +1.0933e-02  +6.3253e-03  +6.3253e-03  +1.0933e-02  +4.1527e-03  +5.3562e-03 +4.4578e-01 +9.8624e-01
 61  +3.2102e-03  +8.1446e-03  +5.2390e-03  +1.2914e-02  +1.2914e-02  +5.2390e-03  +8.1446e-03  +3.2102e-03 +4.3913e-01 +9.8640e-01
 62  +5.2061e-03  +4.2246e-03  +1.0529e-02  +6.4311e-03  +6.4311e-03  +1.0529e-02  +4.2246e-03  +5.2061e-03 +4.2071e-01 +9.8655e-01
 63  +3.2461e-03  +7.8677e-03  +5.3279e-03  +1.2443e-02  +1.2443e-02  +5.3279e-03  +7.8677e-03  +3.2461e-03 +4.1278e-01 +9.8669e-01
 64  +5.0676e-03  +4.2870e-03  +1.0155e-02  +6.5200e-03  +6.5200e-03  +1.0155e-02  +4.2870e-03  +5.0676e-03 +3.9676e-01 +9.8683e-01
 65  +3.2773e-03  +7.6115e-03  +5.4035e-03  +1.2006e-02  +1.2006e-02  +5.4035e-03  +7.6115e-03  +3.2773e-03 +3.8784e-01 +9.8695e-01
 66  +4.9396e-03  +4.3404e-03  +9.8086e-03  +6.5933e-03  +6.5933e-03  +9.8086e-03  +4.3404e-03  +4.9396e-03 +3.7268e-01 +9.8707e-01
 67  +3.3040e-03  +7.3741e-03  +5.4668e-03  +1.1598e-02  +1.1598e-02  +5.4668e-03  +7.3741e-03  +3.3040e-03 +3.6423e-01 +9.8718e-01
 68  +4.8208e-03  +4.3854e-03  +9.4861e-03  +6.6520e-03  +6.6520e-03  +9.4861e-03  +4.3854e-03  +4.8208e-03 +3.4887e-01 +9.8729e-01
 69  +3.3265e-03  +7.1534e-03  +5.5187e-03  +1.1218e-02  +1.1218e-02  +5.5187e-03  +7.1534e-03  +3.3265e-03 +3.4191e-01 +9.8739e-01
 70  +4.7105e-03  +4.4226e-03  +9.1856e-03  +6.6973e-03  +6.6973e-03  +9.1856e-03  +4.4226e-03  +4.7105e-03 +3.2652e-01 +9.8748e-01
 71  +3.3451e-03  +6.9480e-03  +5.5599e-03  +1.0862e-02  +1.0862e-02  +5.5599e-03  +6.9480e-03  +3.3451e-03 +3.2082e-01 +9.8756e-01
 72  +4.6078e-03  +4.4525e-03  +8.9051e-03  +6.7303e-03  +6.7303e-03  +8.9051e-03  +4.4525e-03  +4.6078e-03 +3.0555e-01 +9.8764e-01
 73  +3.3600e-03  +6.7564e-03  +5.5914e-03  +1.0529e-02  +1.0529e-02  +5.5914e-03  +6.7564e-03  +3.3600e-03 +3.0091e-01 +9.8772e-01
 74  +4.5120e-03  +4.4757e-03  +8.6427e-03  +6.7520e-03  +6.7520e-03  +8.6427e-03  +4.4757e-03  +4.5120e-03 +2.8586e-01 +9.8779e-01
 75  +3.3716e-03  +6.5774e-03  +5.6139e-03  +1.0217e-02  +1.0217e-02  +5.6139e-03  +6.5774e-03  +3.3716e-03 +2.8213e-01 +9.8786e-01
 76  +4.4225e-03  +4.4928e-03  +8.3970e-03  +6.7635e-03  +6.7635e-03  +8.3970e-03  +4.4928e-03  +4.4225e-03 +2.6740e-01 +9.8792e-01
 77  +3.3802e-03  +6.4097e-03  +5.6281e-03  +9.9229e-03  +9.9229e-03  +5.6281e-03  +6.4097e-03  +3.3802e-03 +2.6442e-01 +9.8798e-01
 78  +4.3386e-03  +4.5042e-03  +8.1663e-03  +6.7657e-03  +6.7657e-03  +8.1663e-03  +4.5042e-03  +4.3386e-03 +2.5009e-01 +9.8803e-01
 79  +3.3859e-03  +6.2525e-03  +5.6349e-03  +9.6464e-03  +9.6464e-03  +5.6349e-03  +6.2525e-03  +3.3859e-03 +2.4775e-01 +9.8809e-01
 80  +4.2600e-03  +4.5104e-03  +7.9494e-03  +6.7595e-03  +6.7595e-03  +7.9494e-03  +4.5104e-03  +4.2600e-03 +2.3386e-01 +9.8813e-01
 81  +3.3890e-03  +6.1047e-03  +5.6349e-03  +9.3858e-03  +9.3858e-03  +5.6349e-03  +6.1047e-03  +3.3890e-03 +2.3205e-01 +9.8818e-01
 82  +4.1862e-03  +4.5120e-03  +7.7453e-03  +6.7456e-03  +6.7456e-03  +7.7453e-03  +4.5120e-03  +4.1862e-03 +2.1866e-01 +9.8822e-01
 83  +3.3898e-03  +5.9657e-03  +5.6288e-03  +9.1397e-03  +9.1397e-03  +5.6288e-03  +5.9657e-03  +3.3898e-03 +2.1728e-01 +9.8826e-01
 84  +4.1166e-03  +4.5093e-03  +7.5527e-03  +6.7249e-03  +6.7249e-03  +7.5527e-03  +4.5093e-03  +4.1166e-03 +2.0442e-01 +9.8830e-01
 85  +3.3884e-03  +5.8347e-03  +5.6171e-03  +8.9070e-03  +8.9070e-03  +5.6171e-03  +5.8347e-03  +3.3884e-03 +2.0308e-01 +9.8833e-01
 86  +4.0511e-03  +4.5028e-03  +7.3709e-03  +6.6981e-03  +6.6981e-03  +7.3709e-03  +4.5028e-03  +4.0511e-03 +1.9109e-01 +9.8837e-01
 87  +3.3852e-03  +5.7110e-03  +5.6004e-03  +8.6867e-03  +8.6867e-03  +5.6004e-03  +5.7110e-03  +3.3852e-03 +1.8941e-01 +9.8840e-01
 88  +3.9893e-03  +4.4928e-03  +7.1989e-03  +6.6658e-03  +6.6658e-03  +7.1989e-03  +4.4928e-03  +3.9893e-03 +1.7861e-01 +9.8842e-01
 89  +3.3802e-03  +5.5941e-03  +5.5793e-03  +8.4778e-03  +8.4778e-03  +5.5793e-03  +5.5941e-03  +3.3802e-03 +1.7665e-01 +9.8845e-01
 90  +3.9308e-03  +4.4797e-03  +7.0359e-03  +6.6287e-03  +6.6287e-03  +7.0359e-03  +4.4797e-03  +3.9308e-03 +1.6693e-01 +9.8848e-01
 91  +3.3737e-03  +5.4834e-03  +5.5542e-03  +8.2794e-03  +8.2794e-03  +5.5542e-03  +5.4834e-03  +3.3737e-03 +1.6477e-01 +9.8850e-01
 92  +3.8755e-03  +4.4639e-03  +6.8814e-03  +6.5872e-03  +6.5872e-03  +6.8814e-03  +4.4639e-03  +3.8755e-03 +1.5601e-01 +9.8852e-01
 93  +3.3658e-03  +5.3784e-03  +5.5256e-03  +8.0909e-03  +8.0909e-03  +5.5256e-03  +5.3784e-03  +3.3658e-03 +1.5369e-01 +9.8854e-01
 94  +3.8230e-03  +4.4457e-03  +6.7347e-03  +6.5420e-03  +6.5420e-03  +6.7347e-03  +4.4457e-03  +3.8230e-03 +1.4580e-01 +9.8856e-01
 95  +3.3566e-03  +5.2788e-03  +5.4938e-03  +7.9114e-03  +7.9114e-03  +5.4938e-03  +5.2788e-03  +3.3566e-03 +1.4336e-01 +9.8858e-01
 96  +3.7732e-03  +4.4252e-03  +6.5951e-03  +6.4935e-03  +6.4935e-03  +6.5951e-03  +4.4252e-03  +3.7732e-03 +1.3626e-01 +9.8859e-01
 97  +3.3464e-03  +5.1842e-03  +5.4593e-03  +7.7403e-03  +7.7403e-03  +5.4593e-03  +5.1842e-03  +3.3464e-03 +1.3374e-01 +9.8861e-01
 98  +3.7259e-03  +4.4029e-03  +6.4622e-03  +6.4420e-03  +6.4420e-03  +6.4622e-03  +4.4029e-03  +3.7259e-03 +1.2734e-01 +9.8862e-01
 99  +3.3352e-03  +5.0940e-03  +5.4225e-03  +7.5771e-03  +7.5771e-03  +5.4225e-03  +5.0940e-03  +3.3352e-03 +1.2477e-01 +9.8864e-01
 100  +3.6808e-03  +4.3788e-03  +6.3355e-03  +6.3881e-03  +6.3881e-03  +6.3355e-03  +4.3788e-03  +3.6808e-03 +1.1901e-01 +9.8865e-01
 101  +3.3232e-03  +5.0082e-03  +5.3835e-03  +7.4211e-03  +7.4211e-03  +5.3835e-03  +5.0082e-03  +3.3232e-03 +1.1642e-01 +9.8866e-01
 102  +3.6379e-03  +4.3533e-03  +6.2146e-03  +6.3321e-03  +6.3321e-03  +6.2146e-03  +4.3533e-03  +3.6379e-03 +1.1123e-01 +9.8867e-01
 103  +3.3105e-03  +4.9263e-03  +5.3427e-03  +7.2720e-03  +7.2720e-03  +5.3427e-03  +4.9263e-03  +3.3105e-03 +1.0864e-01 +9.8868e-01
 104  +3.5969e-03  +4.3266e-03  +6.0991e-03  +6.2743e-03  +6.2743e-03  +6.0991e-03  +4.3266e-03  +3.5969e-03 +1.0397e-01 +9.8869e-01
 105  +3.2971e-03  +4.8480e-03  +5.3004e-03  +7.1292e-03  +7.1292e-03  +5.3004e-03  +4.8480e-03  +3.2971e-03 +1.0139e-01 +9.8870e-01
 106  +3.5578e-03  +4.2988e-03  +5.9886e-03  +6.2149e-03  +6.2149e-03  +5.9886e-03  +4.2988e-03  +3.5578e-03 +9.7190e-02 +9.8871e-01
 107  +3.2832e-03  +4.7732e-03  +5.2568e-03  +6.9924e-03  +6.9924e-03  +5.2568e-03  +4.7732e-03  +3.2832e-03 +9.4633e-02 +9.8872e-01
 108  +3.5204e-03  +4.2700e-03  +5.8828e-03  +6.1544e-03  +6.1544e-03  +5.8828e-03  +4.2700e-03  +3.5204e-03 +9.0863e-02 +9.8873e-01
 109  +3.2688e-03  +4.7016e-03  +5.2122e-03  +6.8611e-03  +6.8611e-03  +5.2122e-03  +4.7016e-03  +3.2688e-03 +8.8344e-02 +9.8873e-01
 110  +3.4846e-03  +4.2405e-03  +5.7814e-03  +6.0928e-03  +6.0928e-03  +5.7814e-03  +4.2405e-03  +3.4846e-03 +8.4960e-02 +9.8874e-01
 111  +3.2540e-03  +4.6330e-03  +5.1667e-03  +6.7351e-03  +6.7351e-03  +5.1667e-03  +4.6330e-03  +3.2540e-03 +8.2487e-02 +9.8875e-01
 112  +3.4503e-03  +4.2103e-03  +5.6840e-03  +6.0305e-03  +6.0305e-03  +5.6840e-03  +4.2103e-03  +3.4503e-03 +7.9454e-02 +9.8875e-01
 113  +3.2390e-03  +4.5672e-03  +5.1204e-03  +6.6140e-03  +6.6140e-03  +5.1204e-03  +4.5672e-03  +3.2390e-03 +7.7033e-02 +9.8876e-01
 114  +3.4174e-03  +4.1797e-03  +5.5906e-03  +5.9676e-03  +5.9676e-03  +5.5906e-03  +4.1797e-03  +3.4174e-03 +7.4319e-02 +9.8876e-01
 115  +3.2236e-03  +4.5040e-03  +5.0736e-03  +6.4974e-03  +6.4974e-03  +5.0736e-03  +4.5040e-03  +3.2236e-03 +7.1955e-02 +9.8877e-01
 116  +3.3858e-03  +4.1486e-03  +5.5007e-03  +5.9043e-03  +5.9043e-03  +5.5007e-03  +4.1486e-03  +3.3858e-03 +6.9530e-02 +9.8877e-01
 117  +3.2081e-03  +4.4432e-03  +5.0265e-03  +6.3852e-03  +6.3852e-03  +5.0265e-03  +4.4432e-03  +3.2081e-03 +6.7227e-02 +9.8877e-01
 118  +3.3554e-03  +4.1173e-03  +5.4142e-03  +5.8408e-03  +5.8408e-03  +5.4142e-03  +4.1173e-03  +3.3554e-03 +6.5066e-02 +9.8878e-01
 119  +3.1924e-03  +4.3848e-03  +4.9790e-03  +6.2771e-03  +6.2771e-03  +4.9790e-03  +4.3848e-03  +3.1924e-03 +6.2826e-02 +9.8878e-01
 120  +3.3262e-03  +4.0857e-03  +5.3310e-03  +5.7772e-03  +5.7772e-03  +5.3310e-03  +4.0857e-03  +3.3262e-03 +6.0853e-02 +9.8878e-01
 121  +3.1767e-03  +4.3286e-03  +4.9315e-03  +6.1729e-03  +6.1729e-03  +4.9315e-03  +4.3286e-03  +3.1767e-03 +5.8728e-02 +9.8879e-01
 122  +3.2981e-03  +4.0541e-03  +5.2507e-03  +5.7137e-03  +5.7137e-03  +5.2507e-03  +4.0541e-03  +3.2981e-03 +5.6919e-02 +9.8879e-01
 123  +3.1608e-03  +4.2744e-03  +4.8839e-03  +6.0723e-03  +6.0723e-03  +4.8839e-03  +4.2744e-03  +3.1608e-03 +5.4915e-02 +9.8879e-01
 124  +3.2710e-03  +4.0223e-03  +5.1733e-03  +5.6503e-03  +5.6503e-03  +5.1733e-03  +4.0223e-03  +3.2710e-03 +5.3260e-02 +9.8880e-01
 125  +3.1450e-03  +4.2222e-03  +4.8363e-03  +5.9751e-03  +5.9751e-03  +4.8363e-03  +4.2222e-03  +3.1450e-03 +5.1365e-02 +9.8880e-01
 126  +3.2449e-03  +3.9906e-03  +5.0986e-03  +5.5872e-03  +5.5872e-03  +5.0986e-03  +3.9906e-03  +3.2449e-03 +4.9858e-02 +9.8880e-01
 127  +3.1291e-03  +4.1717e-03  +4.7889e-03  +5.8812e-03  +5.8812e-03  +4.7889e-03  +4.1717e-03  +3.1291e-03 +4.8061e-02 +9.8880e-01
 128  +3.2197e-03  +3.9590e-03  +5.0265e-03  +5.5244e-03  +5.5244e-03  +5.0265e-03  +3.9590e-03  +3.2197e-03 +4.6695e-02 +9.8880e-01
 129  +3.1133e-03  +4.1231e-03  +4.7417e-03  +5.7904e-03  +5.7904e-03  +4.7417e-03  +4.1231e-03  +3.1133e-03 +4.4986e-02 +9.8881e-01
 130  +3.1953e-03  +3.9275e-03  +4.9567e-03  +5.4621e-03  +5.4621e-03  +4.9567e-03  +3.9275e-03  +3.1953e-03 +4.3753e-02 +9.8881e-01
 131  +3.0975e-03  +4.0760e-03  +4.6948e-03  +5.7025e-03  +5.7025e-03  +4.6948e-03  +4.0760e-03  +3.0975e-03 +4.2124e-02 +9.8881e-01
 132  +3.1718e-03  +3.8962e-03  +4.8892e-03  +5.4003e-03  +5.4003e-03  +4.8892e-03  +3.8962e-03  +3.1718e-03 +4.1017e-02 +9.8881e-01
 133  +3.0819e-03  +4.0305e-03  +4.6482e-03  +5.6174e-03  +5.6174e-03  +4.6482e-03  +4.0305e-03  +3.0819e-03 +3.9461e-02 +9.8881e-01
 134  +3.1490e-03  +3.8650e-03  +4.8240e-03  +5.3391e-03  +5.3391e-03  +4.8240e-03  +3.8650e-03  +3.1490e-03 +3.8472e-02 +9.8881e-01
 135  +3.0663e-03  +3.9865e-03  +4.6021e-03  +5.5349e-03  +5.5349e-03  +4.6021e-03  +3.9865e-03  +3.0663e-03 +3.6983e-02 +9.8881e-01
 136  +3.1270e-03  +3.8342e-03  +4.7607e-03  +5.2785e-03  +5.2785e-03  +4.7607e-03  +3.8342e-03  +3.1270e-03 +3.6105e-02 +9.8882e-01
 137  +3.0509e-03  +3.9439e-03  +4.5563e-03  +5.4550e-03  +5.4550e-03  +4.5563e-03  +3.9439e-03  +3.0509e-03 +3.4676e-02 +9.8882e-01
 138  +3.1057e-03  +3.8036e-03  +4.6995e-03  +5.2186e-03  +5.2186e-03  +4.6995e-03  +3.8036e-03  +3.1057e-03 +3.3903e-02 +9.8882e-01
 139  +3.0356e-03  +3.9026e-03  +4.5111e-03  +5.3776e-03  +5.3776e-03  +4.5111e-03  +3.9026e-03  +3.0356e-03 +3.2530e-02 +9.8882e-01
 140  +3.0851e-03  +3.7733e-03  +4.6401e-03  +5.1594e-03  +5.1594e-03  +4.6401e-03  +3.7733e-03  +3.0851e-03 +3.1855e-02 +9.8882e-01
 141  +3.0205e-03  +3.8626e-03  +4.4664e-03  +5.3024e-03  +5.3024e-03  +4.4664e-03  +3.8626e-03  +3.0205e-03 +3.0533e-02 +9.8882e-01
 142  +3.0651e-03  +3.7434e-03  +4.5825e-03  +5.1010e-03  +5.1010e-03  +4.5825e-03  +3.7434e-03  +3.0651e-03 +2.9950e-02 +9.8882e-01
 143  +3.0055e-03  +3.8238e-03  +4.4222e-03  +5.2294e-03  +5.2294e-03  +4.4222e-03  +3.8238e-03  +3.0055e-03 +2.8675e-02 +9.8882e-01
 144  +3.0457e-03  +3.7139e-03  +4.5266e-03  +5.0434e-03  +5.0434e-03  +4.5266e-03  +3.7139e-03  +3.0457e-03 +2.8178e-02 +9.8882e-01
 145  +2.9907e-03  +3.7861e-03  +4.3786e-03  +5.1585e-03  +5.1585e-03  +4.3786e-03  +3.7861e-03  +2.9907e-03 +2.6946e-02 +9.8882e-01
 146  +3.0268e-03  +3.6847e-03  +4.4723e-03  +4.9866e-03  +4.9866e-03  +4.4723e-03  +3.6847e-03  +3.0268e-03 +2.6529e-02 +9.8882e-01
 147  +2.9761e-03  +3.7496e-03  +4.3356e-03  +5.0896e-03  +5.0896e-03  +4.3356e-03  +3.7496e-03  +2.9761e-03 +2.5337e-02 +9.8882e-01
 148  +3.0086e-03  +3.6559e-03  +4.4196e-03  +4.9306e-03  +4.9306e-03  +4.4196e-03  +3.6559e-03  +3.0086e-03 +2.4995e-02 +9.8882e-01
 149  +2.9617e-03  +3.7141e-03  +4.2932e-03  +5.0227e-03  +5.0227e-03  +4.2932e-03  +3.7141e-03  +2.9617e-03 +2.3839e-02 +9.8882e-01
 150  +2.9908e-03  +3.6275e-03  +4.3684e-03  +4.8755e-03  +4.8755e-03  +4.3684e-03  +3.6275e-03  +2.9908e-03 +2.3567e-02 +9.8882e-01
 151  +2.9475e-03  +3.6796e-03  +4.2515e-03  +4.9576e-03  +4.9576e-03  +4.2515e-03  +3.6796e-03  +2.9475e-03 +2.2445e-02 +9.8883e-01
 152  +2.9736e-03  +3.5995e-03  +4.3186e-03  +4.8213e-03  +4.8213e-03  +4.3186e-03  +3.5995e-03  +2.9736e-03 +2.2239e-02 +9.8883e-01
 153  +2.9335e-03  +3.6461e-03  +4.2104e-03  +4.8943e-03  +4.8943e-03  +4.2104e-03  +3.6461e-03  +2.9335e-03 +2.1148e-02 +9.8883e-01
 154  +2.9568e-03  +3.5720e-03  +4.2702e-03  +4.7679e-03  +4.7679e-03  +4.2702e-03  +3.5720e-03  +2.9568e-03 +2.1002e-02 +9.8883e-01
 155  +2.9198e-03  +3.6135e-03  +4.1699e-03  +4.8327e-03  +4.8327e-03  +4.1699e-03  +3.6135e-03  +2.9198e-03 +1.9941e-02 +9.8883e-01
 156  +2.9406e-03  +3.5449e-03  +4.2231e-03  +4.7155e-03  +4.7155e-03  +4.2231e-03  +3.5449e-03  +2.9406e-03 +1.9851e-02 +9.8883e-01
 157  +2.9062e-03  +3.5818e-03  +4.1302e-03  +4.7728e-03  +4.7728e-03  +4.1302e-03  +3.5818e-03  +2.9062e-03 +1.8817e-02 +9.8883e-01
 158  +2.9247e-03  +3.5182e-03  +4.1773e-03  +4.6639e-03  +4.6639e-03  +4.1773e-03  +3.5182e-03  +2.9247e-03 +1.8779e-02 +9.8883e-01
 159  +2.8929e-03  +3.5510e-03  +4.0910e-03  +4.7145e-03  +4.7145e-03  +4.0910e-03  +3.5510e-03  +2.8929e-03 +1.7770e-02 +9.8883e-01
 160  +2.9093e-03  +3.4920e-03  +4.1327e-03  +4.6132e-03  +4.6132e-03  +4.1327e-03  +3.4920e-03  +2.9093e-03 +1.7780e-02 +9.8883e-01
 161  +2.8798e-03  +3.5210e-03  +4.0526e-03  +4.6577e-03  +4.6577e-03  +4.0526e-03  +3.5210e-03  +2.8798e-03 +1.6796e-02 +9.8883e-01
 162  +2.8943e-03  +3.4662e-03  +4.0893e-03  +4.5635e-03  +4.5635e-03  +4.0893e-03  +3.4662e-03  +2.8943e-03 +1.6851e-02 +9.8883e-01
 163  +2.8669e-03  +3.4918e-03  +4.0148e-03  +4.6023e-03  +4.6023e-03  +4.0148e-03  +3.4918e-03  +2.8669e-03 +1.5889e-02 +9.8883e-01
 164  +2.8797e-03  +3.4409e-03  +4.0471e-03  +4.5146e-03  +4.5146e-03  +4.0471e-03  +3.4409e-03  +2.8797e-03 +1.5985e-02 +9.8883e-01
 165  +2.8542e-03  +3.4634e-03  +3.9777e-03  +4.5484e-03  +4.5484e-03  +3.9777e-03  +3.4634e-03  +2.8542e-03 +1.5051e-02 +9.8883e-01
 166  +2.8655e-03  +3.4160e-03  +4.0059e-03  +4.4667e-03  +4.4667e-03  +4.0059e-03  +3.4160e-03  +2.8655e-03 +1.5178e-02 +9.8883e-01
 167  +2.8418e-03  +3.4357e-03  +3.9413e-03  +4.4959e-03  +4.4959e-03  +3.9413e-03  +3.4357e-03  +2.8418e-03 +1.4352e-02 +9.8883e-01
 168  +2.8516e-03  +3.3915e-03  +3.9658e-03  +4.4196e-03  +4.4196e-03  +3.9658e-03  +3.3915e-03  +2.8516e-03 +1.4425e-02 +9.8883e-01
 169  +2.8296e-03  +3.4087e-03  +3.9056e-03  +4.4447e-03  +4.4447e-03  +3.9056e-03  +3.4087e-03  +2.8296e-03 +1.3699e-02 +9.8883e-01
 170  +2.8381e-03  +3.3676e-03  +3.9267e-03  +4.3734e-03  +4.3734e-03  +3.9267e-03  +3.3676e-03  +2.8381e-03 +1.3724e-02 +9.8883e-01
 171  +2.8176e-03  +3.3824e-03  +3.8705e-03  +4.3947e-03  +4.3947e-03  +3.8705e-03  +3.3824e-03  +2.8176e-03 +1.3089e-02 +9.8883e-01
 172  +2.8250e-03  +3.3440e-03  +3.8886e-03  +4.3281e-03  +4.3281e-03  +3.8886e-03  +3.3440e-03  +2.8250e-03 +1.3070e-02 +9.8883e-01
 173  +2.8058e-03  +3.3568e-03  +3.8361e-03  +4.3461e-03  +4.3461e-03  +3.8361e-03  +3.3568e-03  +2.8058e-03 +1.2519e-02 +9.8883e-01
 174  +2.8122e-03  +3.3209e-03  +3.8514e-03  +4.2837e-03  +4.2837e-03  +3.8514e-03  +3.3209e-03  +2.8122e-03 +1.2460e-02 +9.8883e-01
 175  +2.7943e-03  +3.3318e-03  +3.8023e-03  +4.2986e-03  +4.2986e-03  +3.8023e-03  +3.3318e-03  +2.7943e-03 +1.1987e-02 +9.8883e-01
 176  +2.7997e-03  +3.2983e-03  +3.8152e-03  +4.2402e-03  +4.2402e-03  +3.8152e-03  +3.2983e-03  +2.7997e-03 +1.1891e-02 +9.8883e-01
 177  +2.7829e-03  +3.3074e-03  +3.7692e-03  +4.2523e-03  +4.2523e-03  +3.7692e-03  +3.3074e-03  +2.7829e-03 +1.1489e-02 +9.8883e-01
 178  +2.7875e-03  +3.2761e-03  +3.7799e-03  +4.1975e-03  +4.1975e-03  +3.7799e-03  +3.2761e-03  +2.7875e-03 +1.1360e-02 +9.8883e-01
 179  +2.7718e-03  +3.2837e-03  +3.7368e-03  +4.2071e-03  +4.2071e-03  +3.7368e-03  +3.2837e-03  +2.7718e-03 +1.1024e-02 +9.8883e-01
 180  +2.7756e-03  +3.2543e-03  +3.7454e-03  +4.1557e-03  +4.1557e-03  +3.7454e-03  +3.2543e-03  +2.7756e-03 +1.0863e-02 +9.8883e-01
 181  +2.7609e-03  +3.2605e-03  +3.7050e-03  +4.1630e-03  +4.1630e-03  +3.7050e-03  +3.2605e-03  +2.7609e-03 +1.0588e-02 +9.8883e-01
 182  +2.7640e-03  +3.2330e-03  +3.7118e-03  +4.1147e-03  +4.1147e-03  +3.7118e-03  +3.2330e-03  +2.7640e-03 +1.0400e-02 +9.8883e-01
 183  +2.7503e-03  +3.2379e-03  +3.6738e-03  +4.1200e-03  +4.1200e-03  +3.6738e-03  +3.2379e-03  +2.7503e-03 +1.0181e-02 +9.8883e-01
 184  +2.7527e-03  +3.2120e-03  +3.6790e-03  +4.0745e-03  +4.0745e-03  +3.6790e-03  +3.2120e-03  +2.7527e-03 +9.9663e-03 +9.8883e-01
 185  +2.7398e-03  +3.2159e-03  +3.6433e-03  +4.0781e-03  +4.0781e-03  +3.6433e-03  +3.2159e-03  +2.7398e-03 +9.7985e-03 +9.8883e-01
 186  +2.7417e-03  +3.1915e-03  +3.6470e-03  +4.0352e-03  +4.0352e-03  +3.6470e-03  +3.1915e-03  +2.7417e-03 +9.5610e-03 +9.8883e-01
 187  +2.7296e-03  +3.1943e-03  +3.6134e-03  +4.0371e-03  +4.0371e-03  +3.6134e-03  +3.1943e-03  +2.7296e-03 +9.4403e-03 +9.8883e-01
 188  +2.7310e-03  +3.1715e-03  +3.6157e-03  +3.9966e-03  +3.9966e-03  +3.6157e-03  +3.1715e-03  +2.7310e-03 +9.1817e-03 +9.8883e-01
 189  +2.7195e-03  +3.1733e-03  +3.5840e-03  +3.9971e-03  +3.9971e-03  +3.5840e-03  +3.1733e-03  +2.7195e-03 +9.1042e-03 +9.8883e-01
 190  +2.7205e-03  +3.1518e-03  +3.5852e-03  +3.9589e-03  +3.9589e-03  +3.5852e-03  +3.1518e-03  +2.7205e-03 +8.8266e-03 +9.8883e-01
 191  +2.7097e-03  +3.1528e-03  +3.5553e-03  +3.9580e-03  +3.9580e-03  +3.5553e-03  +3.1528e-03  +2.7097e-03 +8.7888e-03 +9.8883e-01
 192  +2.7102e-03  +3.1325e-03  +3.5554e-03  +3.9219e-03  +3.9219e-03  +3.5554e-03  +3.1325e-03  +2.7102e-03 +8.4939e-03 +9.8883e-01
 193  +2.7000e-03  +3.1328e-03  +3.5272e-03  +3.9199e-03  +3.9199e-03  +3.5272e-03  +3.1328e-03  +2.7000e-03 +8.4924e-03 +9.8883e-01
 194  +2.7002e-03  +3.1136e-03  +3.5264e-03  +3.8857e-03  +3.8857e-03  +3.5264e-03  +3.1136e-03  +2.7002e-03 +8.1820e-03 +9.8883e-01
 195  +2.6906e-03  +3.1133e-03  +3.4997e-03  +3.8827e-03  +3.8827e-03  +3.4997e-03  +3.1133e-03  +2.6906e-03 +8.2138e-03 +9.8883e-01
 196  +2.6904e-03  +3.0951e-03  +3.4980e-03  +3.8503e-03  +3.8503e-03  +3.4980e-03  +3.0951e-03  +2.6904e-03 +7.9223e-03 +9.8883e-01
 197  +2.6813e-03  +3.0942e-03  +3.4727e-03  +3.8463e-03  +3.8463e-03  +3.4727e-03  +3.0942e-03  +2.6813e-03 +7.9516e-03 +9.8883e-01
 198  +2.6809e-03  +3.0770e-03  +3.4703e-03  +3.8156e-03  +3.8156e-03  +3.4703e-03  +3.0770e-03  +2.6809e-03 +7.7064e-03 +9.8883e-01
 199  +2.6723e-03  +3.0756e-03  +3.4463e-03  +3.8108e-03  +3.8108e-03  +3.4463e-03  +3.0756e-03  +2.6723e-03 +7.7046e-03 +9.8883e-01
 200  +2.6716e-03  +3.0593e-03  +3.4432e-03  +3.7816e-03  +3.7816e-03  +3.4432e-03  +3.0593e-03  +2.6716e-03 +7.5020e-03 +9.8883e-01
 201  +2.6634e-03  +3.0574e-03  +3.4204e-03  +3.7761e-03  +3.7761e-03  +3.4204e-03  +3.0574e-03  +2.6634e-03 +7.4718e-03 +9.8883e-01
 202  +2.6625e-03  +3.0419e-03  +3.4168e-03  +3.7483e-03  +3.7483e-03  +3.4168e-03  +3.0419e-03  +2.6625e-03 +7.3083e-03 +9.8883e-01
 203  +2.6548e-03  +3.0396e-03  +3.3951e-03  +3.7423e-03  +3.7423e-03  +3.3951e-03  +3.0396e-03  +2.6548e-03 +7.2521e-03 +9.8883e-01
 204  +2.6536e-03  +3.0249e-03  +3.3909e-03  +3.7158e-03  +3.7158e-03  +3.3909e-03  +3.0249e-03  +2.6536e-03 +7.1245e-03 +9.8883e-01
 205  +2.6463e-03  +3.0223e-03  +3.3704e-03  +3.7092e-03  +3.7092e-03  +3.3704e-03  +3.0223e-03  +2.6463e-03 +7.0446e-03 +9.8883e-01
 206  +2.6449e-03  +3.0083e-03  +3.3657e-03  +3.6839e-03  +3.6839e-03  +3.3657e-03  +3.0083e-03  +2.6449e-03 +6.9499e-03 +9.8883e-01
 207  +2.6379e-03  +3.0053e-03  +3.3461e-03  +3.6768e-03  +3.6768e-03  +3.3461e-03  +3.0053e-03  +2.6379e-03 +6.8484e-03 +9.8883e-01
 208  +2.6364e-03  +2.9920e-03  +3.3411e-03  +3.6528e-03  +3.6528e-03  +3.3411e-03  +2.9920e-03  +2.6364e-03 +6.7839e-03 +9.8883e-01
 209  +2.6298e-03  +2.9888e-03  +3.3224e-03  +3.6453e-03  +3.6453e-03  +3.3224e-03  +2.9888e-03  +2.6298e-03 +6.6627e-03 +9.8883e-01
 210  +2.6282e-03  +2.9761e-03  +3.3170e-03  +3.6223e-03  +3.6223e-03  +3.3170e-03  +2.9761e-03  +2.6282e-03 +6.6259e-03 +9.8883e-01
 211  +2.6218e-03  +2.9726e-03  +3.2992e-03  +3.6144e-03  +3.6144e-03  +3.2992e-03  +2.9726e-03  +2.6218e-03 +6.4867e-03 +9.8883e-01
 212  +2.6201e-03  +2.9605e-03  +3.2935e-03  +3.5924e-03  +3.5924e-03  +3.2935e-03  +2.9605e-03  +2.6201e-03 +6.4751e-03 +9.8883e-01
 213  +2.6140e-03  +2.9568e-03  +3.2765e-03  +3.5843e-03  +3.5843e-03  +3.2765e-03  +2.9568e-03  +2.6140e-03 +6.3197e-03 +9.8883e-01
 214  +2.6122e-03  +2.9453e-03  +3.2705e-03  +3.5632e-03  +3.5632e-03  +3.2705e-03  +2.9453e-03  +2.6122e-03 +6.3313e-03 +9.8883e-01
 215  +2.6064e-03  +2.9414e-03  +3.2542e-03  +3.5548e-03  +3.5548e-03  +3.2542e-03  +2.9414e-03  +2.6064e-03 +6.1611e-03 +9.8883e-01
 216  +2.6045e-03  +2.9303e-03  +3.2481e-03  +3.5346e-03  +3.5346e-03  +3.2481e-03  +2.9303e-03  +2.6045e-03 +6.1937e-03 +9.8883e-01
 217  +2.5989e-03  +2.9263e-03  +3.2325e-03  +3.5260e-03  +3.5260e-03  +3.2325e-03  +2.9263e-03  +2.5989e-03 +6.0446e-03 +9.8883e-01
 218  +2.5969e-03  +2.9157e-03  +3.2261e-03  +3.5067e-03  +3.5067e-03  +3.2261e-03  +2.9157e-03  +2.5969e-03 +6.0621e-03 +9.8883e-01
 219  +2.5916e-03  +2.9115e-03  +3.2112e-03  +3.4979e-03  +3.4979e-03  +3.2112e-03  +2.9115e-03  +2.5916e-03 +5.9383e-03 +9.8883e-01
 220  +2.5896e-03  +2.9014e-03  +3.2047e-03  +3.4793e-03  +3.4793e-03  +3.2047e-03  +2.9014e-03  +2.5896e-03 +5.9359e-03 +9.8883e-01
 221  +2.5845e-03  +2.8971e-03  +3.1904e-03  +3.4704e-03  +3.4704e-03  +3.1904e-03  +2.8971e-03  +2.5845e-03 +5.8353e-03 +9.8883e-01
 222  +2.5824e-03  +2.8874e-03  +3.1838e-03  +3.4525e-03  +3.4525e-03  +3.1838e-03  +2.8874e-03  +2.5824e-03 +5.8148e-03 +9.8883e-01
 223  +2.5775e-03  +2.8831e-03  +3.1700e-03  +3.4435e-03  +3.4435e-03  +3.1700e-03  +2.8831e-03  +2.5775e-03 +5.7354e-03 +9.8883e-01
 224  +2.5753e-03  +2.8737e-03  +3.1633e-03  +3.4264e-03  +3.4264e-03  +3.1633e-03  +2.8737e-03  +2.5753e-03 +5.6985e-03 +9.8883e-01
 225  +2.5707e-03  +2.8693e-03  +3.1501e-03  +3.4173e-03  +3.4173e-03  +3.1501e-03  +2.8693e-03  +2.5707e-03 +5.6385e-03 +9.8883e-01
 226  +2.5684e-03  +2.8604e-03  +3.1433e-03  +3.4007e-03  +3.4007e-03  +3.1433e-03  +2.8604e-03  +2.5684e-03 +5.5865e-03 +9.8883e-01
 227  +2.5640e-03  +2.8559e-03  +3.1306e-03  +3.3916e-03  +3.3916e-03  +3.1306e-03  +2.8559e-03  +2.5640e-03 +5.5443e-03 +9.8883e-01
 228  +2.5617e-03  +2.8473e-03  +3.1237e-03  +3.3757e-03  +3.3757e-03  +3.1237e-03  +2.8473e-03  +2.5617e-03 +5.4787e-03 +9.8883e-01
 229  +2.5574e-03  +2.8427e-03  +3.1115e-03  +3.3665e-03  +3.3665e-03  +3.1115e-03  +2.8427e-03  +2.5574e-03 +5.4527e-03 +9.8883e-01
 230  +2.5552e-03  +2.8344e-03  +3.1046e-03  +3.3512e-03  +3.3512e-03  +3.1046e-03  +2.8344e-03  +2.5552e-03 +5.3746e-03 +9.8883e-01
 231  +2.5510e-03  +2.8299e-03  +3.0928e-03  +3.3420e-03  +3.3420e-03  +3.0928e-03  +2.8299e-03  +2.5510e-03 +5.3635e-03 +9.8883e-01
 232  +2.5487e-03  +2.8219e-03  +3.0860e-03  +3.3272e-03  +3.3272e-03  +3.0860e-03  +2.8219e-03  +2.5487e-03 +5.2741e-03 +9.8883e-01
 233  +2.5447e-03  +2.8173e-03  +3.0746e-03  +3.3181e-03  +3.3181e-03  +3.0746e-03  +2.8173e-03  +2.5447e-03 +5.2764e-03 +9.8883e-01
 234  +2.5425e-03  +2.8097e-03  +3.0677e-03  +3.3038e-03  +3.3038e-03  +3.0677e-03  +2.8097e-03  +2.5425e-03 +5.1769e-03 +9.8883e-01
 235  +2.5386e-03  +2.8051e-03  +3.0567e-03  +3.2946e-03  +3.2946e-03  +3.0567e-03  +2.8051e-03  +2.5386e-03 +5.1915e-03 +9.8883e-01
 236  +2.5363e-03  +2.7977e-03  +3.0499e-03  +3.2808e-03  +3.2808e-03  +3.0499e-03  +2.7977e-03  +2.5363e-03 +5.0847e-03 +9.8883e-01
 237  +2.5326e-03  +2.7931e-03  +3.0392e-03  +3.2717e-03  +3.2717e-03  +3.0392e-03  +2.7931e-03  +2.5326e-03 +5.1085e-03 +9.8883e-01
 238  +2.5303e-03  +2.7859e-03  +3.0324e-03  +3.2584e-03  +3.2584e-03  +3.0324e-03  +2.7859e-03  +2.5303e-03 +5.0150e-03 +9.8883e-01
 239  +2.5268e-03  +2.7814e-03  +3.0222e-03  +3.2494e-03  +3.2494e-03  +3.0222e-03  +2.7814e-03  +2.5268e-03 +5.0273e-03 +9.8883e-01
 240  +2.5245e-03  +2.7745e-03  +3.0154e-03  +3.2365e-03  +3.2365e-03  +3.0154e-03  +2.7745e-03  +2.5245e-03 +4.9460e-03 +9.8883e-01
 241  +2.5210e-03  +2.7699e-03  +3.0055e-03  +3.2275e-03  +3.2275e-03  +3.0055e-03  +2.7699e-03  +2.5210e-03 +4.9479e-03 +9.8883e-01
 242  +2.5187e-03  +2.7632e-03  +2.9987e-03  +3.2150e-03  +3.2150e-03  +2.9987e-03  +2.7632e-03  +2.5187e-03 +4.8777e-03 +9.8883e-01
 243  +2.5154e-03  +2.7587e-03  +2.9891e-03  +3.2061e-03  +3.2061e-03  +2.9891e-03  +2.7587e-03  +2.5154e-03 +4.8701e-03 +9.8883e-01
 244  +2.5132e-03  +2.7523e-03  +2.9824e-03  +3.1940e-03  +3.1940e-03  +2.9824e-03  +2.7523e-03  +2.5132e-03 +4.8101e-03 +9.8883e-01
 245  +2.5099e-03  +2.7478e-03  +2.9731e-03  +3.1852e-03  +3.1852e-03  +2.9731e-03  +2.7478e-03  +2.5099e-03 +4.7938e-03 +9.8883e-01
 246  +2.5077e-03  +2.7415e-03  +2.9665e-03  +3.1735e-03  +3.1735e-03  +2.9665e-03  +2.7415e-03  +2.5077e-03 +4.7431e-03 +9.8883e-01
 247  +2.5045e-03  +2.7371e-03  +2.9575e-03  +3.1648e-03  +3.1648e-03  +2.9575e-03  +2.7371e-03  +2.5045e-03 +4.7189e-03 +9.8883e-01
 248  +2.5023e-03  +2.7310e-03  +2.9509e-03  +3.1534e-03  +3.1534e-03  +2.9509e-03  +2.7310e-03  +2.5023e-03 +4.6768e-03 +9.8883e-01
 249  +2.4993e-03  +2.7266e-03  +2.9422e-03  +3.1448e-03  +3.1448e-03  +2.9422e-03  +2.7266e-03  +2.4993e-03 +4.6455e-03 +9.8883e-01
 250  +2.4971e-03  +2.7208e-03  +2.9357e-03  +3.1338e-03  +3.1338e-03  +2.9357e-03  +2.7208e-03  +2.4971e-03 +4.6111e-03 +9.8883e-01
 251  +2.4942e-03  +2.7164e-03  +2.9273e-03  +3.1253e-03  +3.1253e-03  +2.9273e-03  +2.7164e-03  +2.4942e-03 +4.5733e-03 +9.8883e-01
 252  +2.4920e-03  +2.7107e-03  +2.9208e-03  +3.1146e-03  +3.1146e-03  +2.9208e-03  +2.7107e-03  +2.4920e-03 +4.5461e-03 +9.8883e-01
 253  +2.4891e-03  +2.7064e-03  +2.9126e-03  +3.1062e-03  +3.1062e-03  +2.9126e-03  +2.7064e-03  +2.4891e-03 +4.5023e-03 +9.8883e-01
 254  +2.4870e-03  +2.7009e-03  +2.9063e-03  +3.0958e-03  +3.0958e-03  +2.9063e-03  +2.7009e-03  +2.4870e-03 +4.4816e-03 +9.8883e-01
 255  +2.4842e-03  +2.6966e-03  +2.8983e-03  +3.0875e-03  +3.0875e-03  +2.8983e-03  +2.6966e-03  +2.4842e-03 +4.4325e-03 +9.8883e-01
 256  +2.4821e-03  +2.6913e-03  +2.8921e-03  +3.0774e-03  +3.0774e-03  +2.8921e-03  +2.6913e-03  +2.4821e-03 +4.4177e-03 +9.8883e-01
 257  +2.4794e-03  +2.6871e-03  +2.8844e-03  +3.0693e-03  +3.0693e-03  +2.8844e-03  +2.6871e-03  +2.4794e-03 +4.3639e-03 +9.8883e-01
 258  +2.4773e-03  +2.6819e-03  +2.8782e-03  +3.0595e-03  +3.0595e-03  +2.8782e-03  +2.6819e-03  +2.4773e-03 +4.3544e-03 +9.8883e-01
 259  +2.4747e-03  +2.6778e-03  +2.8707e-03  +3.0514e-03  +3.0514e-03  +2.8707e-03  +2.6778e-03  +2.4747e-03 +4.2962e-03 +9.8883e-01
 260  +2.4727e-03  +2.6727e-03  +2.8646e-03  +3.0419e-03  +3.0419e-03  +2.8646e-03  +2.6727e-03  +2.4727e-03 +4.2916e-03 +9.8883e-01
 261  +2.4701e-03  +2.6686e-03  +2.8573e-03  +3.0340e-03  +3.0340e-03  +2.8573e-03  +2.6686e-03  +2.4701e-03 +4.2297e-03 +9.8883e-01
 262  +2.4681e-03  +2.6637e-03  +2.8513e-03  +3.0247e-03  +3.0247e-03  +2.8513e-03  +2.6637e-03  +2.4681e-03 +4.2295e-03 +9.8883e-01
 263  +2.4656e-03  +2.6597e-03  +2.8442e-03  +3.0169e-03  +3.0169e-03  +2.8442e-03  +2.6597e-03  +2.4656e-03 +4.1640e-03 +9.8883e-01
 264  +2.4636e-03  +2.6549e-03  +2.8383e-03  +3.0079e-03  +3.0079e-03  +2.8383e-03  +2.6549e-03  +2.4636e-03 +4.1678e-03 +9.8883e-01
 265  +2.4613e-03  +2.6510e-03  +2.8314e-03  +3.0003e-03  +3.0003e-03  +2.8314e-03  +2.6510e-03  +2.4613e-03 +4.0994e-03 +9.8883e-01
 266  +2.4593e-03  +2.6463e-03  +2.8256e-03  +2.9915e-03  +2.9915e-03  +2.8256e-03  +2.6463e-03  +2.4593e-03 +4.1068e-03 +9.8883e-01
 267  +2.4570e-03  +2.6425e-03  +2.8189e-03  +2.9840e-03  +2.9840e-03  +2.8189e-03  +2.6425e-03  +2.4570e-03 +4.0356e-03 +9.8883e-01
 268  +2.4550e-03  +2.6379e-03  +2.8132e-03  +2.9754e-03  +2.9754e-03  +2.8132e-03  +2.6379e-03  +2.4550e-03 +4.0463e-03 +9.8883e-01
 269  +2.4528e-03  +2.6341e-03  +2.8067e-03  +2.9681e-03  +2.9681e-03  +2.8067e-03  +2.6341e-03  +2.4528e-03 +3.9727e-03 +9.8883e-01
 270  +2.4508e-03  +2.6297e-03  +2.8011e-03  +2.9597e-03  +2.9597e-03  +2.8011e-03  +2.6297e-03  +2.4508e-03 +3.9863e-03 +9.8883e-01
 271  +2.4486e-03  +2.6260e-03  +2.7947e-03  +2.9525e-03  +2.9525e-03  +2.7947e-03  +2.6260e-03  +2.4486e-03 +3.9123e-03 +9.8883e-01
 272  +2.4468e-03  +2.6217e-03  +2.7892e-03  +2.9444e-03  +2.9444e-03  +2.7892e-03  +2.6217e-03  +2.4468e-03 +3.9268e-03 +9.8883e-01
 273  +2.4446e-03  +2.6180e-03  +2.7830e-03  +2.9372e-03  +2.9372e-03  +2.7830e-03  +2.6180e-03  +2.4446e-03 +3.8567e-03 +9.8883e-01
 274  +2.4428e-03  +2.6138e-03  +2.7776e-03  +2.9294e-03  +2.9294e-03  +2.7776e-03  +2.6138e-03  +2.4428e-03 +3.8680e-03 +9.8883e-01
 275  +2.4407e-03  +2.6102e-03  +2.7716e-03  +2.9224e-03  +2.9224e-03  +2.7716e-03  +2.6102e-03  +2.4407e-03 +3.8013e-03 +9.8883e-01
 276  +2.4389e-03  +2.6061e-03  +2.7663e-03  +2.9147e-03  +2.9147e-03  +2.7663e-03  +2.6061e-03  +2.4389e-03 +3.8096e-03 +9.8883e-01
 277  +2.4369e-03  +2.6026e-03  +2.7604e-03  +2.9078e-03  +2.9078e-03  +2.7604e-03  +2.6026e-03  +2.4369e-03 +3.7462e-03 +9.8883e-01
 278  +2.4351e-03  +2.5986e-03  +2.7552e-03  +2.9003e-03  +2.9003e-03  +2.7552e-03  +2.5986e-03  +2.4351e-03 +3.7518e-03 +9.8883e-01
 279  +2.4331e-03  +2.5951e-03  +2.7495e-03  +2.8936e-03  +2.8936e-03  +2.7495e-03  +2.5951e-03  +2.4331e-03 +3.6914e-03 +9.8883e-01
 280  +2.4314e-03  +2.5913e-03  +2.7444e-03  +2.8863e-03  +2.8863e-03  +2.7444e-03  +2.5913e-03  +2.4314e-03 +3.6945e-03 +9.8883e-01
 281  +2.4294e-03  +2.5879e-03  +2.7388e-03  +2.8796e-03  +2.8796e-03  +2.7388e-03  +2.5879e-03  +2.4294e-03 +3.6370e-03 +9.8883e-01
 282  +2.4277e-03  +2.5841e-03  +2.7338e-03  +2.8725e-03  +2.8725e-03  +2.7338e-03  +2.5841e-03  +2.4277e-03 +3.6378e-03 +9.8883e-01
 283  +2.4258e-03  +2.5807e-03  +2.7283e-03  +2.8660e-03  +2.8660e-03  +2.7283e-03  +2.5807e-03  +2.4258e-03 +3.5829e-03 +9.8883e-01
 284  +2.4242e-03  +2.5771e-03  +2.7234e-03  +2.8591e-03  +2.8591e-03  +2.7234e-03  +2.5771e-03  +2.4242e-03 +3.5816e-03 +9.8883e-01
 285  +2.4223e-03  +2.5738e-03  +2.7181e-03  +2.8527e-03  +2.8527e-03  +2.7181e-03  +2.5738e-03  +2.4223e-03 +3.5291e-03 +9.8883e-01
 286  +2.4207e-03  +2.5702e-03  +2.7133e-03  +2.8460e-03  +2.8460e-03  +2.7133e-03  +2.5702e-03  +2.4207e-03 +3.5260e-03 +9.8883e-01
 287  +2.4189e-03  +2.5670e-03  +2.7081e-03  +2.8397e-03  +2.8397e-03  +2.7081e-03  +2.5670e-03  +2.4189e-03 +3.4757e-03 +9.8883e-01
 288  +2.4173e-03  +2.5635e-03  +2.7033e-03  +2.8331e-03  +2.8331e-03  +2.7033e-03  +2.5635e-03  +2.4173e-03 +3.4709e-03 +9.8883e-01
 289  +2.4155e-03  +2.5603e-03  +2.6983e-03  +2.8270e-03  +2.8270e-03  +2.6983e-03  +2.5603e-03  +2.4155e-03 +3.4227e-03 +9.8883e-01
 290  +2.4139e-03  +2.5569e-03  +2.6937e-03  +2.8206e-03  +2.8206e-03  +2.6937e-03  +2.5569e-03  +2.4139e-03 +3.4163e-03 +9.8883e-01
 291  +2.4122e-03  +2.5538e-03  +2.6887e-03  +2.8146e-03  +2.8146e-03  +2.6887e-03  +2.5538e-03  +2.4122e-03 +3.3701e-03 +9.8883e-01
 292  +2.4107e-03  +2.5505e-03  +2.6842e-03  +2.8083e-03  +2.8083e-03  +2.6842e-03  +2.5505e-03  +2.4107e-03 +3.3623e-03 +9.8883e-01
 293  +2.4090e-03  +2.5474e-03  +2.6794e-03  +2.8024e-03  +2.8024e-03  +2.6794e-03  +2.5474e-03  +2.4090e-03 +3.3179e-03 +9.8883e-01
 294  +2.4075e-03  +2.5442e-03  +2.6749e-03  +2.7963e-03  +2.7963e-03  +2.6749e-03  +2.5442e-03  +2.4075e-03 +3.3088e-03 +9.8883e-01
 295  +2.4059e-03  +2.5412e-03  +2.6702e-03  +2.7905e-03  +2.7905e-03  +2.6702e-03  +2.5412e-03  +2.4059e-03 +3.2661e-03 +9.8883e-01
 296  +2.4044e-03  +2.5381e-03  +2.6659e-03  +2.7845e-03  +2.7845e-03  +2.6659e-03  +2.5381e-03  +2.4044e-03 +3.2559e-03 +9.8883e-01
 297  +2.4028e-03  +2.5351e-03  +2.6613e-03  +2.7789e-03  +2.7789e-03  +2.6613e-03  +2.5351e-03  +2.4028e-03 +3.2148e-03 +9.8883e-01
 298  +2.4014e-03  +2.5321e-03  +2.6570e-03  +2.7731e-03  +2.7731e-03  +2.6570e-03  +2.5321e-03  +2.4014e-03 +3.2036e-03 +9.8883e-01
 299  +2.3998e-03  +2.5292e-03  +2.6526e-03  +2.7676e-03  +2.7676e-03  +2.6526e-03  +2.5292e-03  +2.3998e-03 +3.1639e-03 +9.8883e-01
 300  +2.3984e-03  +2.5262e-03  +2.6484e-03  +2.7618e-03  +2.7618e-03  +2.6484e-03  +2.5262e-03  +2.3984e-03 +3.1518e-03 +9.8883e-01
 301  +2.3969e-03  +2.5234e-03  +2.6440e-03  +2.7564e-03  +2.7564e-03  +2.6440e-03  +2.5234e-03  +2.3969e-03 +3.1135e-03 +9.8883e-01
 302  +2.3955e-03  +2.5205e-03  +2.6399e-03  +2.7509e-03  +2.7509e-03  +2.6399e-03  +2.5205e-03  +2.3955e-03 +3.1005e-03 +9.8883e-01
 303  +2.3940e-03  +2.5177e-03  +2.6357e-03  +2.7456e-03  +2.7456e-03  +2.6357e-03  +2.5177e-03  +2.3940e-03 +3.0635e-03 +9.8883e-01
 304  +2.3926e-03  +2.5148e-03  +2.6316e-03  +2.7401e-03  +2.7401e-03  +2.6316e-03  +2.5148e-03  +2.3926e-03 +3.0498e-03 +9.8883e-01
 305  +2.3912e-03  +2.5121e-03  +2.6275e-03  +2.7350e-03  +2.7350e-03  +2.6275e-03  +2.5121e-03  +2.3912e-03 +3.0141e-03 +9.8883e-01
 306  +2.3899e-03  +2.5093e-03  +2.6235e-03  +2.7296e-03  +2.7296e-03  +2.6235e-03  +2.5093e-03  +2.3899e-03 +2.9996e-03 +9.8883e-01
 307  +2.3885e-03  +2.5067e-03  +2.6195e-03  +2.7246e-03  +2.7246e-03  +2.6195e-03  +2.5067e-03  +2.3885e-03 +2.9651e-03 +9.8883e-01
 308  +2.3871e-03  +2.5040e-03  +2.6156e-03  +2.7194e-03  +2.7194e-03  +2.6156e-03  +2.5040e-03  +2.3871e-03 +2.9501e-03 +9.8883e-01
 309  +2.3858e-03  +2.5014e-03  +2.6117e-03  +2.7144e-03  +2.7144e-03  +2.6117e-03  +2.5014e-03  +2.3858e-03 +2.9165e-03 +9.8883e-01
 310  +2.3845e-03  +2.4987e-03  +2.6079e-03  +2.7093e-03  +2.7093e-03  +2.6079e-03  +2.4987e-03  +2.3845e-03 +2.9010e-03 +9.8883e-01
 311  +2.3831e-03  +2.4962e-03  +2.6040e-03  +2.7045e-03  +2.7045e-03  +2.6040e-03  +2.4962e-03  +2.3831e-03 +2.8685e-03 +9.8883e-01
 312  +2.3819e-03  +2.4936e-03  +2.6003e-03  +2.6995e-03  +2.6995e-03  +2.6003e-03  +2.4936e-03  +2.3819e-03 +2.8526e-03 +9.8883e-01
 313  +2.3806e-03  +2.4911e-03  +2.5966e-03  +2.6948e-03  +2.6948e-03  +2.5966e-03  +2.4911e-03  +2.3806e-03 +2.8210e-03 +9.8883e-01
 314  +2.3793e-03  +2.4886e-03  +2.5929e-03  +2.6899e-03  +2.6899e-03  +2.5929e-03  +2.4886e-03  +2.3793e-03 +2.8047e-03 +9.8883e-01
 315  +2.3781e-03  +2.4861e-03  +2.5893e-03  +2.6853e-03  +2.6853e-03  +2.5893e-03  +2.4861e-03  +2.3781e-03 +2.7740e-03 +9.8883e-01
 316  +2.3769e-03  +2.4837e-03  +2.5857e-03  +2.6806e-03  +2.6806e-03  +2.5857e-03  +2.4837e-03  +2.3769e-03 +2.7573e-03 +9.8883e-01
 317  +2.3756e-03  +2.4813e-03  +2.5821e-03  +2.6760e-03  +2.6760e-03  +2.5821e-03  +2.4813e-03  +2.3756e-03 +2.7275e-03 +9.8883e-01
 318  +2.3744e-03  +2.4789e-03  +2.5786e-03  +2.6714e-03  +2.6714e-03  +2.5786e-03  +2.4789e-03  +2.3744e-03 +2.7105e-03 +9.8883e-01
 319  +2.3732e-03  +2.4765e-03  +2.5751e-03  +2.6669e-03  +2.6669e-03  +2.5751e-03  +2.4765e-03  +2.3732e-03 +2.6815e-03 +9.8883e-01
 320  +2.3721e-03  +2.4742e-03  +2.5717e-03  +2.6624e-03  +2.6624e-03  +2.5717e-03  +2.4742e-03  +2.3721e-03 +2.6643e-03 +9.8883e-01
 321  +2.3709e-03  +2.4719e-03  +2.5683e-03  +2.6581e-03  +2.6581e-03  +2.5683e-03  +2.4719e-03  +2.3709e-03 +2.6361e-03 +9.8883e-01
 322  +2.3697e-03  +2.4696e-03  +2.5650e-03  +2.6537e-03  +2.6537e-03  +2.5650e-03  +2.4696e-03  +2.3697e-03 +2.6186e-03 +9.8883e-01
 323  +2.3686e-03  +2.4674e-03  +2.5616e-03  +2.6494e-03  +2.6494e-03  +2.5616e-03  +2.4674e-03  +2.3686e-03 +2.5911e-03 +9.8883e-01
 324  +2.3675e-03  +2.4651e-03  +2.5584e-03  +2.6451e-03  +2.6451e-03  +2.5584e-03  +2.4651e-03  +2.3675e-03 +2.5735e-03 +9.8883e-01
 325  +2.3663e-03  +2.4629e-03  +2.5551e-03  +2.6409e-03  +2.6409e-03  +2.5551e-03  +2.4629e-03  +2.3663e-03 +2.5467e-03 +9.8883e-01
 326  +2.3652e-03  +2.4607e-03  +2.5519e-03  +2.6367e-03  +2.6367e-03  +2.5519e-03  +2.4607e-03  +2.3652e-03 +2.5290e-03 +9.8883e-01
 327  +2.3641e-03  +2.4586e-03  +2.5487e-03  +2.6326e-03  +2.6326e-03  +2.5487e-03  +2.4586e-03  +2.3641e-03 +2.5028e-03 +9.8883e-01
 328  +2.3631e-03  +2.4564e-03  +2.5456e-03  +2.6285e-03  +2.6285e-03  +2.5456e-03  +2.4564e-03  +2.3631e-03 +2.4850e-03 +9.8883e-01
 329  +2.3620e-03  +2.4543e-03  +2.5425e-03  +2.6245e-03  +2.6245e-03  +2.5425e-03  +2.4543e-03  +2.3620e-03 +2.4595e-03 +9.8883e-01
 330  +2.3610e-03  +2.4522e-03  +2.5394e-03  +2.6205e-03  +2.6205e-03  +2.5394e-03  +2.4522e-03  +2.3610e-03 +2.4416e-03 +9.8883e-01
 331  +2.3599e-03  +2.4502e-03  +2.5364e-03  +2.6166e-03  +2.6166e-03  +2.5364e-03  +2.4502e-03  +2.3599e-03 +2.4167e-03 +9.8883e-01
 332  +2.3589e-03  +2.4481e-03  +2.5334e-03  +2.6126e-03  +2.6126e-03  +2.5334e-03  +2.4481e-03  +2.3589e-03 +2.3988e-03 +9.8883e-01
 333  +2.3579e-03  +2.4461e-03  +2.5304e-03  +2.6088e-03  +2.6088e-03  +2.5304e-03  +2.4461e-03  +2.3579e-03 +2.3744e-03 +9.8883e-01
 334  +2.3569e-03  +2.4441e-03  +2.5275e-03  +2.6050e-03  +2.6050e-03  +2.5275e-03  +2.4441e-03  +2.3569e-03 +2.3565e-03 +9.8883e-01
 335  +2.3558e-03  +2.4422e-03  +2.5245e-03  +2.6012e-03  +2.6012e-03  +2.5245e-03  +2.4422e-03  +2.3558e-03 +2.3326e-03 +9.8883e-01
 336  +2.3549e-03  +2.4402e-03  +2.5217e-03  +2.5975e-03  +2.5975e-03  +2.5217e-03  +2.4402e-03  +2.3549e-03 +2.3148e-03 +9.8883e-01
 337  +2.3539e-03  +2.4383e-03  +2.5188e-03  +2.5938e-03  +2.5938e-03  +2.5188e-03  +2.4383e-03  +2.3539e-03 +2.2914e-03 +9.8883e-01
 338  +2.3529e-03  +2.4364e-03  +2.5161e-03  +2.5902e-03  +2.5902e-03  +2.5161e-03  +2.4364e-03  +2.3529e-03 +2.2736e-03 +9.8883e-01
 339  +2.3520e-03  +2.4345e-03  +2.5133e-03  +2.5866e-03  +2.5866e-03  +2.5133e-03  +2.4345e-03  +2.3520e-03 +2.2508e-03 +9.8883e-01
 340  +2.3510e-03  +2.4326e-03  +2.5105e-03  +2.5830e-03  +2.5830e-03  +2.5105e-03  +2.4326e-03  +2.3510e-03 +2.2330e-03 +9.8883e-01
 341  +2.3501e-03  +2.4308e-03  +2.5078e-03  +2.5795e-03  +2.5795e-03  +2.5078e-03  +2.4308e-03  +2.3501e-03 +2.2107e-03 +9.8883e-01
 342  +2.3492e-03  +2.4289e-03  +2.5051e-03  +2.5760e-03  +2.5760e-03  +2.5051e-03  +2.4289e-03  +2.3492e-03 +2.1930e-03 +9.8883e-01
 343  +2.3483e-03  +2.4272e-03  +2.5025e-03  +2.5726e-03  +2.5726e-03  +2.5025e-03  +2.4272e-03  +2.3483e-03 +2.1711e-03 +9.8883e-01
 344  +2.3474e-03  +2.4254e-03  +2.4999e-03  +2.5691e-03  +2.5691e-03  +2.4999e-03  +2.4254e-03  +2.3474e-03 +2.1535e-03 +9.8883e-01
 345  +2.3465e-03  +2.4236e-03  +2.4972e-03  +2.5658e-03  +2.5658e-03  +2.4972e-03  +2.4236e-03  +2.3465e-03 +2.1320e-03 +9.8883e-01
 346  +2.3456e-03  +2.4219e-03  +2.4947e-03  +2.5624e-03  +2.5624e-03  +2.4947e-03  +2.4219e-03  +2.3456e-03 +2.1145e-03 +9.8883e-01
 347  +2.3447e-03  +2.4201e-03  +2.4921e-03  +2.5592e-03  +2.5592e-03  +2.4921e-03  +2.4201e-03  +2.3447e-03 +2.0935e-03 +9.8883e-01
 348  +2.3439e-03  +2.4184e-03  +2.4897e-03  +2.5559e-03  +2.5559e-03  +2.4897e-03  +2.4184e-03  +2.3439e-03 +2.0761e-03 +9.8883e-01
 349  +2.3430e-03  +2.4168e-03  +2.4872e-03  +2.5527e-03  +2.5527e-03  +2.4872e-03  +2.4168e-03  +2.3430e-03 +2.0555e-03 +9.8883e-01
 350  +2.3422e-03  +2.4151e-03  +2.4847e-03  +2.5495e-03  +2.5495e-03  +2.4847e-03  +2.4151e-03  +2.3422e-03 +2.0383e-03 +9.8883e-01
 351  +2.3413e-03  +2.4134e-03  +2.4823e-03  +2.5463e-03  +2.5463e-03  +2.4823e-03  +2.4134e-03  +2.3413e-03 +2.0181e-03 +9.8883e-01
 352  +2.3405e-03  +2.4118e-03  +2.4799e-03  +2.5432e-03  +2.5432e-03  +2.4799e-03  +2.4118e-03  +2.3405e-03 +2.0009e-03 +9.8883e-01
 353  +2.3397e-03  +2.4102e-03  +2.4775e-03  +2.5402e-03  +2.5402e-03  +2.4775e-03  +2.4102e-03  +2.3397e-03 +1.9811e-03 +9.8883e-01
 354  +2.3389e-03  +2.4086e-03  +2.4752e-03  +2.5371e-03  +2.5371e-03  +2.4752e-03  +2.4086e-03  +2.3389e-03 +1.9642e-03 +9.8883e-01
 355  +2.3381e-03  +2.4070e-03  +2.4728e-03  +2.5341e-03  +2.5341e-03  +2.4728e-03  +2.4070e-03  +2.3381e-03 +1.9448e-03 +9.8883e-01
 356  +2.3373e-03  +2.4055e-03  +2.4706e-03  +2.5311e-03  +2.5311e-03  +2.4706e-03  +2.4055e-03  +2.3373e-03 +1.9279e-03 +9.8883e-01
 357  +2.3365e-03  +2.4039e-03  +2.4683e-03  +2.5282e-03  +2.5282e-03  +2.4683e-03  +2.4039e-03  +2.3365e-03 +1.9089e-03 +9.8883e-01
 358  +2.3358e-03  +2.4024e-03  +2.4661e-03  +2.5253e-03  +2.5253e-03  +2.4661e-03  +2.4024e-03  +2.3358e-03 +1.8923e-03 +9.8883e-01
 359  +2.3350e-03  +2.4009e-03  +2.4638e-03  +2.5224e-03  +2.5224e-03  +2.4638e-03  +2.4009e-03  +2.3350e-03 +1.8736e-03 +9.8883e-01
 360  +2.3342e-03  +2.3994e-03  +2.4616e-03  +2.5195e-03  +2.5195e-03  +2.4616e-03  +2.3994e-03  +2.3342e-03 +1.8571e-03 +9.8883e-01
 361  +2.3335e-03  +2.3979e-03  +2.4595e-03  +2.5167e-03  +2.5167e-03  +2.4595e-03  +2.3979e-03  +2.3335e-03 +1.8388e-03 +9.8883e-01
 362  +2.3328e-03  +2.3965e-03  +2.4573e-03  +2.5139e-03  +2.5139e-03  +2.4573e-03  +2.3965e-03  +2.3328e-03 +1.8225e-03 +9.8883e-01
 363  +2.3320e-03  +2.3950e-03  +2.4552e-03  +2.5112e-03  +2.5112e-03  +2.4552e-03  +2.3950e-03  +2.3320e-03 +1.8045e-03 +9.8883e-01
 364  +2.3313e-03  +2.3936e-03  +2.4531e-03  +2.5085e-03  +2.5085e-03  +2.4531e-03  +2.3936e-03  +2.3313e-03 +1.7884e-03 +9.8883e-01
 365  +2.3306e-03  +2.3922e-03  +2.4510e-03  +2.5058e-03  +2.5058e-03  +2.4510e-03  +2.3922e-03  +2.3306e-03 +1.7707e-03 +9.8883e-01
 366  +2.3299e-03  +2.3908e-03  +2.4490e-03  +2.5031e-03  +2.5031e-03  +2.4490e-03  +2.3908e-03  +2.3299e-03 +1.7548e-03 +9.8883e-01
 367  +2.3292e-03  +2.3894e-03  +2.4470e-03  +2.5005e-03  +2.5005e-03  +2.4470e-03  +2.3894e-03  +2.3292e-03 +1.7375e-03 +9.8883e-01
 368  +2.3285e-03  +2.3881e-03  +2.4450e-03  +2.4979e-03  +2.4979e-03  +2.4450e-03  +2.3881e-03  +2.3285e-03 +1.7217e-03 +9.8883e-01
 369  +2.3278e-03  +2.3867e-03  +2.4430e-03  +2.4953e-03  +2.4953e-03  +2.4430e-03  +2.3867e-03  +2.3278e-03 +1.7047e-03 +9.8883e-01
 370  +2.3272e-03  +2.3854e-03  +2.4410e-03  +2.4928e-03  +2.4928e-03  +2.4410e-03  +2.3854e-03  +2.3272e-03 +1.6892e-03 +9.8883e-01
 371  +2.3265e-03  +2.3841e-03  +2.4391e-03  +2.4903e-03  +2.4903e-03  +2.4391e-03  +2.3841e-03  +2.3265e-03 +1.6725e-03 +9.8883e-01
 372  +2.3258e-03  +2.3828e-03  +2.4372e-03  +2.4878e-03  +2.4878e-03  +2.4372e-03  +2.3828e-03  +2.3258e-03 +1.6571e-03 +9.8883e-01
 373  +2.3252e-03  +2.3815e-03  +2.4353e-03  +2.4853e-03  +2.4853e-03  +2.4353e-03  +2.3815e-03  +2.3252e-03 +1.6407e-03 +9.8883e-01
 374  +2.3245e-03  +2.3802e-03  +2.4334e-03  +2.4829e-03  +2.4829e-03  +2.4334e-03  +2.3802e-03  +2.3245e-03 +1.6256e-03 +9.8883e-01
 375  +2.3239e-03  +2.3790e-03  +2.4315e-03  +2.4805e-03  +2.4805e-03  +2.4315e-03  +2.3790e-03  +2.3239e-03 +1.6095e-03 +9.8883e-01
 376  +2.3233e-03  +2.3777e-03  +2.4297e-03  +2.4781e-03  +2.4781e-03  +2.4297e-03  +2.3777e-03  +2.3233e-03 +1.5946e-03 +9.8883e-01
 377  +2.3226e-03  +2.3765e-03  +2.4279e-03  +2.4757e-03  +2.4757e-03  +2.4279e-03  +2.3765e-03  +2.3226e-03 +1.5788e-03 +9.8883e-01
 378  +2.3220e-03  +2.3753e-03  +2.4261e-03  +2.4734e-03  +2.4734e-03  +2.4261e-03  +2.3753e-03  +2.3220e-03 +1.5640e-03 +9.8883e-01
 379  +2.3214e-03  +2.3741e-03  +2.4243e-03  +2.4711e-03  +2.4711e-03  +2.4243e-03  +2.3741e-03  +2.3214e-03 +1.5485e-03 +9.8883e-01
 380  +2.3208e-03  +2.3729e-03  +2.4226e-03  +2.4688e-03  +2.4688e-03  +2.4226e-03  +2.3729e-03  +2.3208e-03 +1.5340e-03 +9.8883e-01
 381  +2.3202e-03  +2.3717e-03  +2.4209e-03  +2.4666e-03  +2.4666e-03  +2.4209e-03  +2.3717e-03  +2.3202e-03 +1.5188e-03 +9.8883e-01
 382  +2.3196e-03  +2.3705e-03  +2.4192e-03  +2.4644e-03  +2.4644e-03  +2.4192e-03  +2.3705e-03  +2.3196e-03 +1.5044e-03 +9.8883e-01
 383  +2.3191e-03  +2.3694e-03  +2.4175e-03  +2.4622e-03  +2.4622e-03  +2.4175e-03  +2.3694e-03  +2.3191e-03 +1.4895e-03 +9.8883e-01
 384  +2.3185e-03  +2.3683e-03  +2.4158e-03  +2.4600e-03  +2.4600e-03  +2.4158e-03  +2.3683e-03  +2.3185e-03 +1.4754e-03 +9.8883e-01
 385  +2.3179e-03  +2.3671e-03  +2.4141e-03  +2.4579e-03  +2.4579e-03  +2.4141e-03  +2.3671e-03  +2.3179e-03 +1.4607e-03 +9.8883e-01
 386  +2.3174e-03  +2.3660e-03  +2.4125e-03  +2.4557e-03  +2.4557e-03  +2.4125e-03  +2.3660e-03  +2.3174e-03 +1.4468e-03 +9.8883e-01
 387  +2.3168e-03  +2.3649e-03  +2.4109e-03  +2.4536e-03  +2.4536e-03  +2.4109e-03  +2.3649e-03  +2.3168e-03 +1.4324e-03 +9.8883e-01
 388  +2.3162e-03  +2.3638e-03  +2.4093e-03  +2.4515e-03  +2.4515e-03  +2.4093e-03  +2.3638e-03  +2.3162e-03 +1.4187e-03 +9.8883e-01
 389  +2.3157e-03  +2.3628e-03  +2.4077e-03  +2.4495e-03  +2.4495e-03  +2.4077e-03  +2.3628e-03  +2.3157e-03 +1.4045e-03 +9.8883e-01
 390  +2.3152e-03  +2.3617e-03  +2.4061e-03  +2.4475e-03  +2.4475e-03  +2.4061e-03  +2.3617e-03  +2.3152e-03 +1.3910e-03 +9.8883e-01
 391  +2.3146e-03  +2.3606e-03  +2.4046e-03  +2.4455e-03  +2.4455e-03  +2.4046e-03  +2.3606e-03  +2.3146e-03 +1.3771e-03 +9.8883e-01
 392  +2.3141e-03  +2.3596e-03  +2.4030e-03  +2.4435e-03  +2.4435e-03  +2.4030e-03  +2.3596e-03  +2.3141e-03 +1.3639e-03 +9.8883e-01
 393  +2.3136e-03  +2.3586e-03  +2.4015e-03  +2.4415e-03  +2.4415e-03  +2.4015e-03  +2.3586e-03  +2.3136e-03 +1.3502e-03 +9.8883e-01
 394  +2.3131e-03  +2.3576e-03  +2.4000e-03  +2.4396e-03  +2.4396e-03  +2.4000e-03  +2.3576e-03  +2.3131e-03 +1.3371e-03 +9.8883e-01
 395  +2.3126e-03  +2.3566e-03  +2.3986e-03  +2.4376e-03  +2.4376e-03  +2.3986e-03  +2.3566e-03  +2.3126e-03 +1.3237e-03 +9.8883e-01
 396  +2.3121e-03  +2.3556e-03  +2.3971e-03  +2.4357e-03  +2.4357e-03  +2.3971e-03  +2.3556e-03  +2.3121e-03 +1.3109e-03 +9.8883e-01
 397  +2.3116e-03  +2.3546e-03  +2.3956e-03  +2.4339e-03  +2.4339e-03  +2.3956e-03  +2.3546e-03  +2.3116e-03 +1.2977e-03 +9.8883e-01
 398  +2.3111e-03  +2.3536e-03  +2.3942e-03  +2.4320e-03  +2.4320e-03  +2.3942e-03  +2.3536e-03  +2.3111e-03 +1.2851e-03 +9.8883e-01
 399  +2.3106e-03  +2.3526e-03  +2.3928e-03  +2.4302e-03  +2.4302e-03  +2.3928e-03  +2.3526e-03  +2.3106e-03 +1.2721e-03 +9.8883e-01
 400  +2.3101e-03  +2.3517e-03  +2.3914e-03  +2.4283e-03  +2.4283e-03  +2.3914e-03  +2.3517e-03  +2.3101e-03 +1.2597e-03 +9.8883e-01
 401  +2.3096e-03  +2.3508e-03  +2.3900e-03  +2.4266e-03  +2.4266e-03  +2.3900e-03  +2.3508e-03  +2.3096e-03 +1.2470e-03 +9.8883e-01
 402  +2.3092e-03  +2.3498e-03  +2.3887e-03  +2.4248e-03  +2.4248e-03  +2.3887e-03  +2.3498e-03  +2.3092e-03 +1.2348e-03 +9.8883e-01
 403  +2.3087e-03  +2.3489e-03  +2.3873e-03  +2.4230e-03  +2.4230e-03  +2.3873e-03  +2.3489e-03  +2.3087e-03 +1.2223e-03 +9.8883e-01
 404  +2.3082e-03  +2.3480e-03  +2.3860e-03  +2.4213e-03  +2.4213e-03  +2.3860e-03  +2.3480e-03  +2.3082e-03 +1.2103e-03 +9.8883e-01
 405  +2.3078e-03  +2.3471e-03  +2.3846e-03  +2.4196e-03  +2.4196e-03  +2.3846e-03  +2.3471e-03  +2.3078e-03 +1.1980e-03 +9.8883e-01
 406  +2.3073e-03  +2.3462e-03  +2.3833e-03  +2.4179e-03  +2.4179e-03  +2.3833e-03  +2.3462e-03  +2.3073e-03 +1.1862e-03 +9.8883e-01
 407  +2.3069e-03  +2.3453e-03  +2.3820e-03  +2.4162e-03  +2.4162e-03  +2.3820e-03  +2.3453e-03  +2.3069e-03 +1.1742e-03 +9.8883e-01
 408  +2.3065e-03  +2.3445e-03  +2.3808e-03  +2.4145e-03  +2.4145e-03  +2.3808e-03  +2.3445e-03  +2.3065e-03 +1.1626e-03 +9.8883e-01
 409  +2.3060e-03  +2.3436e-03  +2.3795e-03  +2.4129e-03  +2.4129e-03  +2.3795e-03  +2.3436e-03  +2.3060e-03 +1.1508e-03 +9.8883e-01
 410  +2.3056e-03  +2.3428e-03  +2.3783e-03  +2.4113e-03  +2.4113e-03  +2.3783e-03  +2.3428e-03  +2.3056e-03 +1.1393e-03 +9.8883e-01
 411  +2.3052e-03  +2.3419e-03  +2.3770e-03  +2.4097e-03  +2.4097e-03  +2.3770e-03  +2.3419e-03  +2.3052e-03 +1.1278e-03 +9.8883e-01
 412  +2.3047e-03  +2.3411e-03  +2.3758e-03  +2.4081e-03  +2.4081e-03  +2.3758e-03  +2.3411e-03  +2.3047e-03 +1.1165e-03 +9.8883e-01
 413  +2.3043e-03  +2.3403e-03  +2.3746e-03  +2.4065e-03  +2.4065e-03  +2.3746e-03  +2.3403e-03  +2.3043e-03 +1.1052e-03 +9.8883e-01
 414  +2.3039e-03  +2.3395e-03  +2.3734e-03  +2.4050e-03  +2.4050e-03  +2.3734e-03  +2.3395e-03  +2.3039e-03 +1.0941e-03 +9.8883e-01
 415  +2.3035e-03  +2.3387e-03  +2.3722e-03  +2.4034e-03  +2.4034e-03  +2.3722e-03  +2.3387e-03  +2.3035e-03 +1.0830e-03 +9.8883e-01
 416  +2.3031e-03  +2.3379e-03  +2.3710e-03  +2.4019e-03  +2.4019e-03  +2.3710e-03  +2.3379e-03  +2.3031e-03 +1.0721e-03 +9.8883e-01
 417  +2.3027e-03  +2.3371e-03  +2.3699e-03  +2.4004e-03  +2.4004e-03  +2.3699e-03  +2.3371e-03  +2.3027e-03 +1.0612e-03 +9.8883e-01
 418  +2.3023e-03  +2.3363e-03  +2.3687e-03  +2.3989e-03  +2.3989e-03  +2.3687e-03  +2.3363e-03  +2.3023e-03 +1.0505e-03 +9.8883e-01
 419  +2.3019e-03  +2.3355e-03  +2.3676e-03  +2.3975e-03  +2.3975e-03  +2.3676e-03  +2.3355e-03  +2.3019e-03 +1.0398e-03 +9.8883e-01
 420  +2.3016e-03  +2.3348e-03  +2.3665e-03  +2.3960e-03  +2.3960e-03  +2.3665e-03  +2.3348e-03  +2.3016e-03 +1.0293e-03 +9.8883e-01
 421  +2.3012e-03  +2.3340e-03  +2.3654e-03  +2.3946e-03  +2.3946e-03  +2.3654e-03  +2.3340e-03  +2.3012e-03 +1.0188e-03 +9.8883e-01
 422  +2.3008e-03  +2.3333e-03  +2.3643e-03  +2.3931e-03  +2.3931e-03  +2.3643e-03  +2.3333e-03  +2.3008e-03 +1.0085e-03 +9.8883e-01
 423  +2.3004e-03  +2.3325e-03  +2.3632e-03  +2.3917e-03  +2.3917e-03  +2.3632e-03  +2.3325e-03  +2.3004e-03 +9.9815e-04 +9.8883e-01
 424  +2.3001e-03  +2.3318e-03  +2.3621e-03  +2.3904e-03  +2.3904e-03  +2.3621e-03  +2.3318e-03  +2.3001e-03 +9.8803e-04 +9.8883e-01
 425  +2.2997e-03  +2.3311e-03  +2.3611e-03  +2.3890e-03  +2.3890e-03  +2.3611e-03  +2.3311e-03  +2.2997e-03 +9.7790e-04 +9.8883e-01
 426  +2.2993e-03  +2.3304e-03  +2.3600e-03  +2.3876e-03  +2.3876e-03  +2.3600e-03  +2.3304e-03  +2.2993e-03 +9.6796e-04 +9.8883e-01
 427  +2.2990e-03  +2.3297e-03  +2.3590e-03  +2.3863e-03  +2.3863e-03  +2.3590e-03  +2.3297e-03  +2.2990e-03 +9.5802e-04 +9.8883e-01
 428  +2.2986e-03  +2.3290e-03  +2.3580e-03  +2.3850e-03  +2.3850e-03  +2.3580e-03  +2.3290e-03  +2.2986e-03 +9.4827e-04 +9.8883e-01
 429  +2.2983e-03  +2.3283e-03  +2.3570e-03  +2.3837e-03  +2.3837e-03  +2.3570e-03  +2.3283e-03  +2.2983e-03 +9.3851e-04 +9.8883e-01
 430  +2.2979e-03  +2.3276e-03  +2.3560e-03  +2.3824e-03  +2.3824e-03  +2.3560e-03  +2.3276e-03  +2.2979e-03 +9.2893e-04 +9.8883e-01
 431  +2.2976e-03  +2.3270e-03  +2.3550e-03  +2.3811e-03  +2.3811e-03  +2.3550e-03  +2.3270e-03  +2.2976e-03 +9.1936e-04 +9.8883e-01
 432  +2.2973e-03  +2.3263e-03  +2.3540e-03  +2.3798e-03  +2.3798e-03  +2.3540e-03  +2.3263e-03  +2.2973e-03 +9.0996e-04 +9.8883e-01
 433  +2.2969e-03  +2.3256e-03  +2.3531e-03  +2.3786e-03  +2.3786e-03  +2.3531e-03  +2.3256e-03  +2.2969e-03 +9.0056e-04 +9.8883e-01
 434  +2.2966e-03  +2.3250e-03  +2.3521e-03  +2.3773e-03  +2.3773e-03  +2.3521e-03  +2.3250e-03  +2.2966e-03 +8.9134e-04 +9.8883e-01
 435  +2.2963e-03  +2.3244e-03  +2.3512e-03  +2.3761e-03  +2.3761e-03  +2.3512e-03  +2.3244e-03  +2.2963e-03 +8.8212e-04 +9.8883e-01
 436  +2.2960e-03  +2.3237e-03  +2.3502e-03  +2.3749e-03  +2.3749e-03  +2.3502e-03  +2.3237e-03  +2.2960e-03 +8.7307e-04 +9.8883e-01
 437  +2.2956e-03  +2.3231e-03  +2.3493e-03  +2.3737e-03  +2.3737e-03  +2.3493e-03  +2.3231e-03  +2.2956e-03 +8.6403e-04 +9.8883e-01
 438  +2.2953e-03  +2.3225e-03  +2.3484e-03  +2.3725e-03  +2.3725e-03  +2.3484e-03  +2.3225e-03  +2.2953e-03 +8.5514e-04 +9.8883e-01
 439  +2.2950e-03  +2.3219e-03  +2.3475e-03  +2.3713e-03  +2.3713e-03  +2.3475e-03  +2.3219e-03  +2.2950e-03 +8.4627e-04 +9.8883e-01
 440  +2.2947e-03  +2.3213e-03  +2.3466e-03  +2.3702e-03  +2.3702e-03  +2.3466e-03  +2.3213e-03  +2.2947e-03 +8.3755e-04 +9.8883e-01
 441  +2.2944e-03  +2.3207e-03  +2.3457e-03  +2.3690e-03  +2.3690e-03  +2.3457e-03  +2.3207e-03  +2.2944e-03 +8.2886e-04 +9.8883e-01
 442  +2.2941e-03  +2.3201e-03  +2.3448e-03  +2.3679e-03  +2.3679e-03  +2.3448e-03  +2.3201e-03  +2.2941e-03 +8.2030e-04 +9.8883e-01
 443  +2.2938e-03  +2.3195e-03  +2.3440e-03  +2.3668e-03  +2.3668e-03  +2.3440e-03  +2.3195e-03  +2.2938e-03 +8.1177e-04 +9.8883e-01
 444  +2.2935e-03  +2.3189e-03  +2.3431e-03  +2.3657e-03  +2.3657e-03  +2.3431e-03  +2.3189e-03  +2.2935e-03 +8.0337e-04 +9.8883e-01
 445  +2.2932e-03  +2.3183e-03  +2.3423e-03  +2.3646e-03  +2.3646e-03  +2.3423e-03  +2.3183e-03  +2.2932e-03 +7.9501e-04 +9.8883e-01
 446  +2.2929e-03  +2.3178e-03  +2.3414e-03  +2.3635e-03  +2.3635e-03  +2.3414e-03  +2.3178e-03  +2.2929e-03 +7.8677e-04 +9.8883e-01
 447  +2.2927e-03  +2.3172e-03  +2.3406e-03  +2.3624e-03  +2.3624e-03  +2.3406e-03  +2.3172e-03  +2.2927e-03 +7.7856e-04 +9.8883e-01
 448  +2.2924e-03  +2.3166e-03  +2.3398e-03  +2.3613e-03  +2.3613e-03  +2.3398e-03  +2.3166e-03  +2.2924e-03 +7.7048e-04 +9.8883e-01
 449  +2.2921e-03  +2.3161e-03  +2.3390e-03  +2.3603e-03  +2.3603e-03  +2.3390e-03  +2.3161e-03  +2.2921e-03 +7.6244e-04 +9.8883e-01
 450  +2.2918e-03  +2.3155e-03  +2.3382e-03  +2.3593e-03  +2.3593e-03  +2.3382e-03  +2.3155e-03  +2.2918e-03 +7.5451e-04 +9.8883e-01
 451  +2.2916e-03  +2.3150e-03  +2.3374e-03  +2.3582e-03  +2.3582e-03  +2.3374e-03  +2.3150e-03  +2.2916e-03 +7.4662e-04 +9.8883e-01
 452  +2.2913e-03  +2.3145e-03  +2.3366e-03  +2.3572e-03  +2.3572e-03  +2.3366e-03  +2.3145e-03  +2.2913e-03 +7.3884e-04 +9.8883e-01
 453  +2.2910e-03  +2.3140e-03  +2.3359e-03  +2.3562e-03  +2.3562e-03  +2.3359e-03  +2.3140e-03  +2.2910e-03 +7.3111e-04 +9.8883e-01
 454  +2.2908e-03  +2.3134e-03  +2.3351e-03  +2.3552e-03  +2.3552e-03  +2.3351e-03  +2.3134e-03  +2.2908e-03 +7.2348e-04 +9.8883e-01
 455  +2.2905e-03  +2.3129e-03  +2.3343e-03  +2.3543e-03  +2.3543e-03  +2.3343e-03  +2.3129e-03  +2.2905e-03 +7.1590e-04 +9.8883e-01
 456  +2.2903e-03  +2.3124e-03  +2.3336e-03  +2.3533e-03  +2.3533e-03  +2.3336e-03  +2.3124e-03  +2.2903e-03 +7.0842e-04 +9.8883e-01
 457  +2.2900e-03  +2.3119e-03  +2.3329e-03  +2.3523e-03  +2.3523e-03  +2.3329e-03  +2.3119e-03  +2.2900e-03 +7.0098e-04 +9.8883e-01
 458  +2.2897e-03  +2.3114e-03  +2.3321e-03  +2.3514e-03  +2.3514e-03  +2.3321e-03  +2.3114e-03  +2.2897e-03 +6.9365e-04 +9.8883e-01
 459  +2.2895e-03  +2.3109e-03  +2.3314e-03  +2.3504e-03  +2.3504e-03  +2.3314e-03  +2.3109e-03  +2.2895e-03 +6.8636e-04 +9.8883e-01
 460  +2.2893e-03  +2.3105e-03  +2.3307e-03  +2.3495e-03  +2.3495e-03  +2.3307e-03  +2.3105e-03  +2.2893e-03 +6.7917e-04 +9.8883e-01
 461  +2.2890e-03  +2.3100e-03  +2.3300e-03  +2.3486e-03  +2.3486e-03  +2.3300e-03  +2.3100e-03  +2.2890e-03 +6.7202e-04 +9.8883e-01
 462  +2.2888e-03  +2.3095e-03  +2.3293e-03  +2.3477e-03  +2.3477e-03  +2.3293e-03  +2.3095e-03  +2.2888e-03 +6.6497e-04 +9.8883e-01
 463  +2.2885e-03  +2.3090e-03  +2.3286e-03  +2.3468e-03  +2.3468e-03  +2.3286e-03  +2.3090e-03  +2.2885e-03 +6.5796e-04 +9.8883e-01
 464  +2.2883e-03  +2.3086e-03  +2.3279e-03  +2.3459e-03  +2.3459e-03  +2.3279e-03  +2.3086e-03  +2.2883e-03 +6.5105e-04 +9.8883e-01
 465  +2.2881e-03  +2.3081e-03  +2.3272e-03  +2.3450e-03  +2.3450e-03  +2.3272e-03  +2.3081e-03  +2.2881e-03 +6.4418e-04 +9.8883e-01
 466  +2.2878e-03  +2.3077e-03  +2.3266e-03  +2.3442e-03  +2.3442e-03  +2.3266e-03  +2.3077e-03  +2.2878e-03 +6.3740e-04 +9.8883e-01
 467  +2.2876e-03  +2.3072e-03  +2.3259e-03  +2.3433e-03  +2.3433e-03  +2.3259e-03  +2.3072e-03  +2.2876e-03 +6.3067e-04 +9.8883e-01
 468  +2.2874e-03  +2.3068e-03  +2.3253e-03  +2.3425e-03  +2.3425e-03  +2.3253e-03  +2.3068e-03  +2.2874e-03 +6.2402e-04 +9.8883e-01
 469  +2.2872e-03  +2.3063e-03  +2.3246e-03  +2.3416e-03  +2.3416e-03  +2.3246e-03  +2.3063e-03  +2.2872e-03 +6.1743e-04 +9.8883e-01
 470  +2.2870e-03  +2.3059e-03  +2.3240e-03  +2.3408e-03  +2.3408e-03  +2.3240e-03  +2.3059e-03  +2.2870e-03 +6.1091e-04 +9.8883e-01
 471  +2.2867e-03  +2.3055e-03  +2.3234e-03  +2.3400e-03  +2.3400e-03  +2.3234e-03  +2.3055e-03  +2.2867e-03 +6.0445e-04 +9.8883e-01
 472  +2.2865e-03  +2.3050e-03  +2.3227e-03  +2.3392e-03  +2.3392e-03  +2.3227e-03  +2.3050e-03  +2.2865e-03 +5.9806e-04 +9.8883e-01
 473  +2.2863e-03  +2.3046e-03  +2.3221e-03  +2.3384e-03  +2.3384e-03  +2.3221e-03  +2.3046e-03  +2.2863e-03 +5.9172e-04 +9.8883e-01
 474  +2.2861e-03  +2.3042e-03  +2.3215e-03  +2.3376e-03  +2.3376e-03  +2.3215e-03  +2.3042e-03  +2.2861e-03 +5.8546e-04 +9.8883e-01
 475  +2.2859e-03  +2.3038e-03  +2.3209e-03  +2.3368e-03  +2.3368e-03  +2.3209e-03  +2.3038e-03  +2.2859e-03 +5.7925e-04 +9.8883e-01
 476  +2.2857e-03  +2.3034e-03  +2.3203e-03  +2.3360e-03  +2.3360e-03  +2.3203e-03  +2.3034e-03  +2.2857e-03 +5.7312e-04 +9.8883e-01
 477  +2.2855e-03  +2.3030e-03  +2.3197e-03  +2.3353e-03  +2.3353e-03  +2.3197e-03  +2.3030e-03  +2.2855e-03 +5.6703e-04 +9.8883e-01
 478  +2.2853e-03  +2.3026e-03  +2.3191e-03  +2.3345e-03  +2.3345e-03  +2.3191e-03  +2.3026e-03  +2.2853e-03 +5.6102e-04 +9.8883e-01
 479  +2.2851e-03  +2.3022e-03  +2.3186e-03  +2.3338e-03  +2.3338e-03  +2.3186e-03  +2.3022e-03  +2.2851e-03 +5.5505e-04 +9.8883e-01
 480  +2.2849e-03  +2.3018e-03  +2.3180e-03  +2.3330e-03  +2.3330e-03  +2.3180e-03  +2.3018e-03  +2.2849e-03 +5.4916e-04 +9.8883e-01
 481  +2.2847e-03  +2.3014e-03  +2.3174e-03  +2.3323e-03  +2.3323e-03  +2.3174e-03  +2.3014e-03  +2.2847e-03 +5.4332e-04 +9.8883e-01
 482  +2.2845e-03  +2.3011e-03  +2.3169e-03  +2.3316e-03  +2.3316e-03  +2.3169e-03  +2.3011e-03  +2.2845e-03 +5.3754e-04 +9.8883e-01
 483  +2.2843e-03  +2.3007e-03  +2.3163e-03  +2.3309e-03  +2.3309e-03  +2.3163e-03  +2.3007e-03  +2.2843e-03 +5.3182e-04 +9.8883e-01
 484  +2.2841e-03  +2.3003e-03  +2.3158e-03  +2.3302e-03  +2.3302e-03  +2.3158e-03  +2.3003e-03  +2.2841e-03 +5.2616e-04 +9.8883e-01
 485  +2.2839e-03  +2.3000e-03  +2.3152e-03  +2.3295e-03  +2.3295e-03  +2.3152e-03  +2.3000e-03  +2.2839e-03 +5.2055e-04 +9.8883e-01
 486  +2.2838e-03  +2.2996e-03  +2.3147e-03  +2.3288e-03  +2.3288e-03  +2.3147e-03  +2.2996e-03  +2.2838e-03 +5.1500e-04 +9.8883e-01
 487  +2.2836e-03  +2.2992e-03  +2.3142e-03  +2.3281e-03  +2.3281e-03  +2.3142e-03  +2.2992e-03  +2.2836e-03 +5.0951e-04 +9.8883e-01
 488  +2.2834e-03  +2.2989e-03  +2.3137e-03  +2.3274e-03  +2.3274e-03  +2.3137e-03  +2.2989e-03  +2.2834e-03 +5.0407e-04 +9.8883e-01
 489  +2.2832e-03  +2.2985e-03  +2.3131e-03  +2.3267e-03  +2.3267e-03  +2.3131e-03  +2.2985e-03  +2.2832e-03 +4.9869e-04 +9.8883e-01
 490  +2.2831e-03  +2.2982e-03  +2.3126e-03  +2.3261e-03  +2.3261e-03  +2.3126e-03  +2.2982e-03  +2.2831e-03 +4.9337e-04 +9.8883e-01
 491  +2.2829e-03  +2.2978e-03  +2.3121e-03  +2.3254e-03  +2.3254e-03  +2.3121e-03  +2.2978e-03  +2.2829e-03 +4.8809e-04 +9.8883e-01
 492  +2.2827e-03  +2.2975e-03  +2.3116e-03  +2.3248e-03  +2.3248e-03  +2.3116e-03  +2.2975e-03  +2.2827e-03 +4.8287e-04 +9.8883e-01
 493  +2.2825e-03  +2.2972e-03  +2.3111e-03  +2.3241e-03  +2.3241e-03  +2.3111e-03  +2.2972e-03  +2.2825e-03 +4.7771e-04 +9.8883e-01
 494  +2.2824e-03  +2.2968e-03  +2.3107e-03  +2.3235e-03  +2.3235e-03  +2.3107e-03  +2.2968e-03  +2.2824e-03 +4.7260e-04 +9.8883e-01
 495  +2.2822e-03  +2.2965e-03  +2.3102e-03  +2.3229e-03  +2.3229e-03  +2.3102e-03  +2.2965e-03  +2.2822e-03 +4.6753e-04 +9.8883e-01
 496  +2.2820e-03  +2.2962e-03  +2.3097e-03  +2.3223e-03  +2.3223e-03  +2.3097e-03  +2.2962e-03  +2.2820e-03 +4.6253e-04 +9.8883e-01
 497  +2.2819e-03  +2.2959e-03  +2.3092e-03  +2.3217e-03  +2.3217e-03  +2.3092e-03  +2.2959e-03  +2.2819e-03 +4.5757e-04 +9.8883e-01
 498  +2.2817e-03  +2.2956e-03  +2.3088e-03  +2.3211e-03  +2.3211e-03  +2.3088e-03  +2.2956e-03  +2.2817e-03 +4.5267e-04 +9.8883e-01
 499  +2.2816e-03  +2.2952e-03  +2.3083e-03  +2.3205e-03  +2.3205e-03  +2.3083e-03  +2.2952e-03  +2.2816e-03 +4.4781e-04 +9.8883e-01
 500  +2.2814e-03  +2.2949e-03  +2.3078e-03  +2.3199e-03  +2.3199e-03  +2.3078e-03  +2.2949e-03  +2.2814e-03 +4.4300e-04 +9.8883e-01
 501  +2.2813e-03  +2.2946e-03  +2.3074e-03  +2.3193e-03  +2.3193e-03  +2.3074e-03  +2.2946e-03  +2.2813e-03 +4.3825e-04 +9.8883e-01
 502  +2.2811e-03  +2.2943e-03  +2.3070e-03  +2.3187e-03  +2.3187e-03  +2.3070e-03  +2.2943e-03  +2.2811e-03 +4.3354e-04 +9.8883e-01
 503  +2.2810e-03  +2.2940e-03  +2.3065e-03  +2.3181e-03  +2.3181e-03  +2.3065e-03  +2.2940e-03  +2.2810e-03 +4.2888e-04 +9.8883e-01
 504  +2.2808e-03  +2.2937e-03  +2.3061e-03  +2.3176e-03  +2.3176e-03  +2.3061e-03  +2.2937e-03  +2.2808e-03 +4.2427e-04 +9.8883e-01
 505  +2.2807e-03  +2.2934e-03  +2.3056e-03  +2.3170e-03  +2.3170e-03  +2.3056e-03  +2.2934e-03  +2.2807e-03 +4.1971e-04 +9.8883e-01
 506  +2.2805e-03  +2.2932e-03  +2.3052e-03  +2.3165e-03  +2.3165e-03  +2.3052e-03  +2.2932e-03  +2.2805e-03 +4.1519e-04 +9.8883e-01
 507  +2.2804e-03  +2.2929e-03  +2.3048e-03  +2.3159e-03  +2.3159e-03  +2.3048e-03  +2.2929e-03  +2.2804e-03 +4.1072e-04 +9.8883e-01
 508  +2.2802e-03  +2.2926e-03  +2.3044e-03  +2.3154e-03  +2.3154e-03  +2.3044e-03  +2.2926e-03  +2.2802e-03 +4.0630e-04 +9.8883e-01
 509  +2.2801e-03  +2.2923e-03  +2.3040e-03  +2.3148e-03  +2.3148e-03  +2.3040e-03  +2.2923e-03  +2.2801e-03 +4.0193e-04 +9.8883e-01
 510  +2.2799e-03  +2.2920e-03  +2.3036e-03  +2.3143e-03  +2.3143e-03  +2.3036e-03  +2.2920e-03  +2.2799e-03 +3.9760e-04 +9.8883e-01
 511  +2.2798e-03  +2.2918e-03  +2.3032e-03  +2.3138e-03  +2.3138e-03  +2.3032e-03  +2.2918e-03  +2.2798e-03 +3.9331e-04 +9.8883e-01
 512  +2.2797e-03  +2.2915e-03  +2.3028e-03  +2.3133e-03  +2.3133e-03  +2.3028e-03  +2.2915e-03  +2.2797e-03 +3.8907e-04 +9.8883e-01
 513  +2.2795e-03  +2.2912e-03  +2.3024e-03  +2.3128e-03  +2.3128e-03  +2.3024e-03  +2.2912e-03  +2.2795e-03 +3.8487e-04 +9.8883e-01
 514  +2.2794e-03  +2.2910e-03  +2.3020e-03  +2.3123e-03  +2.3123e-03  +2.3020e-03  +2.2910e-03  +2.2794e-03 +3.8072e-04 +9.8883e-01
 515  +2.2793e-03  +2.2907e-03  +2.3016e-03  +2.3118e-03  +2.3118e-03  +2.3016e-03  +2.2907e-03  +2.2793e-03 +3.7660e-04 +9.8883e-01
 516  +2.2791e-03  +2.2904e-03  +2.3012e-03  +2.3113e-03  +2.3113e-03  +2.3012e-03  +2.2904e-03  +2.2791e-03 +3.7254e-04 +9.8883e-01
 517  +2.2790e-03  +2.2902e-03  +2.3008e-03  +2.3108e-03  +2.3108e-03  +2.3008e-03  +2.2902e-03  +2.2790e-03 +3.6851e-04 +9.8883e-01
 518  +2.2789e-03  +2.2899e-03  +2.3005e-03  +2.3103e-03  +2.3103e-03  +2.3005e-03  +2.2899e-03  +2.2789e-03 +3.6453e-04 +9.8883e-01
 519  +2.2787e-03  +2.2897e-03  +2.3001e-03  +2.3098e-03  +2.3098e-03  +2.3001e-03  +2.2897e-03  +2.2787e-03 +3.6059e-04 +9.8883e-01
 520  +2.2786e-03  +2.2894e-03  +2.2997e-03  +2.3093e-03  +2.3093e-03  +2.2997e-03  +2.2894e-03  +2.2786e-03 +3.5669e-04 +9.8883e-01
 521  +2.2785e-03  +2.2892e-03  +2.2994e-03  +2.3089e-03  +2.3089e-03  +2.2994e-03  +2.2892e-03  +2.2785e-03 +3.5283e-04 +9.8883e-01
 522  +2.2784e-03  +2.2889e-03  +2.2990e-03  +2.3084e-03  +2.3084e-03  +2.2990e-03  +2.2889e-03  +2.2784e-03 +3.4901e-04 +9.8883e-01
 523  +2.2783e-03  +2.2887e-03  +2.2987e-03  +2.3080e-03  +2.3080e-03  +2.2987e-03  +2.2887e-03  +2.2783e-03 +3.4523e-04 +9.8883e-01
 524  +2.2781e-03  +2.2885e-03  +2.2983e-03  +2.3075e-03  +2.3075e-03  +2.2983e-03  +2.2885e-03  +2.2781e-03 +3.4149e-04 +9.8883e-01
 525  +2.2780e-03  +2.2882e-03  +2.2980e-03  +2.3071e-03  +2.3071e-03  +2.2980e-03  +2.2882e-03  +2.2780e-03 +3.3779e-04 +9.8883e-01
 526  +2.2779e-03  +2.2880e-03  +2.2976e-03  +2.3066e-03  +2.3066e-03  +2.2976e-03  +2.2880e-03  +2.2779e-03 +3.3413e-04 +9.8883e-01
 527  +2.2778e-03  +2.2878e-03  +2.2973e-03  +2.3062e-03  +2.3062e-03  +2.2973e-03  +2.2878e-03  +2.2778e-03 +3.3051e-04 +9.8883e-01
 528  +2.2777e-03  +2.2876e-03  +2.2970e-03  +2.3058e-03  +2.3058e-03  +2.2970e-03  +2.2876e-03  +2.2777e-03 +3.2692e-04 +9.8883e-01
 529  +2.2776e-03  +2.2873e-03  +2.2967e-03  +2.3053e-03  +2.3053e-03  +2.2967e-03  +2.2873e-03  +2.2776e-03 +3.2337e-04 +9.8883e-01
 530  +2.2775e-03  +2.2871e-03  +2.2963e-03  +2.3049e-03  +2.3049e-03  +2.2963e-03  +2.2871e-03  +2.2775e-03 +3.1987e-04 +9.8883e-01
 531  +2.2773e-03  +2.2869e-03  +2.2960e-03  +2.3045e-03  +2.3045e-03  +2.2960e-03  +2.2869e-03  +2.2773e-03 +3.1639e-04 +9.8883e-01
 532  +2.2772e-03  +2.2867e-03  +2.2957e-03  +2.3041e-03  +2.3041e-03  +2.2957e-03  +2.2867e-03  +2.2772e-03 +3.1296e-04 +9.8883e-01
 533  +2.2771e-03  +2.2865e-03  +2.2954e-03  +2.3037e-03  +2.3037e-03  +2.2954e-03  +2.2865e-03  +2.2771e-03 +3.0956e-04 +9.8883e-01
 534  +2.2770e-03  +2.2862e-03  +2.2951e-03  +2.3033e-03  +2.3033e-03  +2.2951e-03  +2.2862e-03  +2.2770e-03 +3.0619e-04 +9.8883e-01
 535  +2.2769e-03  +2.2860e-03  +2.2948e-03  +2.3029e-03  +2.3029e-03  +2.2948e-03  +2.2860e-03  +2.2769e-03 +3.0286e-04 +9.8883e-01
 536  +2.2768e-03  +2.2858e-03  +2.2945e-03  +2.3025e-03  +2.3025e-03  +2.2945e-03  +2.2858e-03  +2.2768e-03 +2.9957e-04 +9.8883e-01
 537  +2.2767e-03  +2.2856e-03  +2.2942e-03  +2.3021e-03  +2.3021e-03  +2.2942e-03  +2.2856e-03  +2.2767e-03 +2.9631e-04 +9.8883e-01
 538  +2.2766e-03  +2.2854e-03  +2.2939e-03  +2.3017e-03  +2.3017e-03  +2.2939e-03  +2.2854e-03  +2.2766e-03 +2.9309e-04 +9.8883e-01
 539  +2.2765e-03  +2.2852e-03  +2.2936e-03  +2.3013e-03  +2.3013e-03  +2.2936e-03  +2.2852e-03  +2.2765e-03 +2.8990e-04 +9.8883e-01
 540  +2.2764e-03  +2.2850e-03  +2.2933e-03  +2.3009e-03  +2.3009e-03  +2.2933e-03  +2.2850e-03  +2.2764e-03 +2.8675e-04 +9.8883e-01
 541  +2.2763e-03  +2.2848e-03  +2.2930e-03  +2.3006e-03  +2.3006e-03  +2.2930e-03  +2.2848e-03  +2.2763e-03 +2.8362e-04 +9.8883e-01
 542  +2.2762e-03  +2.2846e-03  +2.2927e-03  +2.3002e-03  +2.3002e-03  +2.2927e-03  +2.2846e-03  +2.2762e-03 +2.8053e-04 +9.8883e-01
 543  +2.2761e-03  +2.2845e-03  +2.2924e-03  +2.2998e-03  +2.2998e-03  +2.2924e-03  +2.2845e-03  +2.2761e-03 +2.7748e-04 +9.8883e-01
 544  +2.2760e-03  +2.2843e-03  +2.2921e-03  +2.2995e-03  +2.2995e-03  +2.2921e-03  +2.2843e-03  +2.2760e-03 +2.7445e-04 +9.8883e-01
 545  +2.2759e-03  +2.2841e-03  +2.2919e-03  +2.2991e-03  +2.2991e-03  +2.2919e-03  +2.2841e-03  +2.2759e-03 +2.7146e-04 +9.8883e-01
 546  +2.2758e-03  +2.2839e-03  +2.2916e-03  +2.2988e-03  +2.2988e-03  +2.2916e-03  +2.2839e-03  +2.2758e-03 +2.6850e-04 +9.8883e-01
 547  +2.2757e-03  +2.2837e-03  +2.2913e-03  +2.2984e-03  +2.2984e-03  +2.2913e-03  +2.2837e-03  +2.2757e-03 +2.6557e-04 +9.8883e-01
 548  +2.2756e-03  +2.2835e-03  +2.2911e-03  +2.2981e-03  +2.2981e-03  +2.2911e-03  +2.2835e-03  +2.2756e-03 +2.6268e-04 +9.8883e-01
 549  +2.2756e-03  +2.2834e-03  +2.2908e-03  +2.2977e-03  +2.2977e-03  +2.2908e-03  +2.2834e-03  +2.2756e-03 +2.5981e-04 +9.8883e-01
 550  +2.2755e-03  +2.2832e-03  +2.2905e-03  +2.2974e-03  +2.2974e-03  +2.2905e-03  +2.2832e-03  +2.2755e-03 +2.5697e-04 +9.8883e-01
 551  +2.2754e-03  +2.2830e-03  +2.2903e-03  +2.2971e-03  +2.2971e-03  +2.2903e-03  +2.2830e-03  +2.2754e-03 +2.5417e-04 +9.8883e-01
 552  +2.2753e-03  +2.2828e-03  +2.2900e-03  +2.2967e-03  +2.2967e-03  +2.2900e-03  +2.2828e-03  +2.2753e-03 +2.5139e-04 +9.8883e-01
 553  +2.2752e-03  +2.2827e-03  +2.2898e-03  +2.2964e-03  +2.2964e-03  +2.2898e-03  +2.2827e-03  +2.2752e-03 +2.4865e-04 +9.8883e-01
 554  +2.2751e-03  +2.2825e-03  +2.2895e-03  +2.2961e-03  +2.2961e-03  +2.2895e-03  +2.2825e-03  +2.2751e-03 +2.4593e-04 +9.8883e-01
 555  +2.2750e-03  +2.2823e-03  +2.2893e-03  +2.2958e-03  +2.2958e-03  +2.2893e-03  +2.2823e-03  +2.2750e-03 +2.4324e-04 +9.8883e-01
 556  +2.2749e-03  +2.2822e-03  +2.2890e-03  +2.2955e-03  +2.2955e-03  +2.2890e-03  +2.2822e-03  +2.2749e-03 +2.4058e-04 +9.8883e-01
 557  +2.2749e-03  +2.2820e-03  +2.2888e-03  +2.2951e-03  +2.2951e-03  +2.2888e-03  +2.2820e-03  +2.2749e-03 +2.3795e-04 +9.8883e-01
 558  +2.2748e-03  +2.2818e-03  +2.2886e-03  +2.2948e-03  +2.2948e-03  +2.2886e-03  +2.2818e-03  +2.2748e-03 +2.3535e-04 +9.8883e-01
 559  +2.2747e-03  +2.2817e-03  +2.2883e-03  +2.2945e-03  +2.2945e-03  +2.2883e-03  +2.2817e-03  +2.2747e-03 +2.3278e-04 +9.8883e-01
 560  +2.2746e-03  +2.2815e-03  +2.2881e-03  +2.2942e-03  +2.2942e-03  +2.2881e-03  +2.2815e-03  +2.2746e-03 +2.3023e-04 +9.8883e-01
 561  +2.2745e-03  +2.2814e-03  +2.2879e-03  +2.2939e-03  +2.2939e-03  +2.2879e-03  +2.2814e-03  +2.2745e-03 +2.2771e-04 +9.8883e-01
 562  +2.2745e-03  +2.2812e-03  +2.2876e-03  +2.2936e-03  +2.2936e-03  +2.2876e-03  +2.2812e-03  +2.2745e-03 +2.2522e-04 +9.8883e-01
 563  +2.2744e-03  +2.2811e-03  +2.2874e-03  +2.2933e-03  +2.2933e-03  +2.2874e-03  +2.2811e-03  +2.2744e-03 +2.2275e-04 +9.8883e-01
 564  +2.2743e-03  +2.2809e-03  +2.2872e-03  +2.2931e-03  +2.2931e-03  +2.2872e-03  +2.2809e-03  +2.2743e-03 +2.2031e-04 +9.8883e-01
 565  +2.2742e-03  +2.2808e-03  +2.2870e-03  +2.2928e-03  +2.2928e-03  +2.2870e-03  +2.2808e-03  +2.2742e-03 +2.1790e-04 +9.8883e-01
 566  +2.2742e-03  +2.2806e-03  +2.2868e-03  +2.2925e-03  +2.2925e-03  +2.2868e-03  +2.2806e-03  +2.2742e-03 +2.1551e-04 +9.8883e-01
 567  +2.2741e-03  +2.2805e-03  +2.2865e-03  +2.2922e-03  +2.2922e-03  +2.2865e-03  +2.2805e-03  +2.2741e-03 +2.1315e-04 +9.8883e-01
 568  +2.2740e-03  +2.2803e-03  +2.2863e-03  +2.2919e-03  +2.2919e-03  +2.2863e-03  +2.2803e-03  +2.2740e-03 +2.1081e-04 +9.8883e-01
 569  +2.2739e-03  +2.2802e-03  +2.2861e-03  +2.2917e-03  +2.2917e-03  +2.2861e-03  +2.2802e-03  +2.2739e-03 +2.0850e-04 +9.8883e-01
 570  +2.2739e-03  +2.2800e-03  +2.2859e-03  +2.2914e-03  +2.2914e-03  +2.2859e-03  +2.2800e-03  +2.2739e-03 +2.0622e-04 +9.8883e-01
 571  +2.2738e-03  +2.2799e-03  +2.2857e-03  +2.2911e-03  +2.2911e-03  +2.2857e-03  +2.2799e-03  +2.2738e-03 +2.0395e-04 +9.8883e-01
 572  +2.2737e-03  +2.2798e-03  +2.2855e-03  +2.2909e-03  +2.2909e-03  +2.2855e-03  +2.2798e-03  +2.2737e-03 +2.0172e-04 +9.8883e-01
 573  +2.2737e-03  +2.2796e-03  +2.2853e-03  +2.2906e-03  +2.2906e-03  +2.2853e-03  +2.2796e-03  +2.2737e-03 +1.9950e-04 +9.8883e-01
 574  +2.2736e-03  +2.2795e-03  +2.2851e-03  +2.2903e-03  +2.2903e-03  +2.2851e-03  +2.2795e-03  +2.2736e-03 +1.9731e-04 +9.8883e-01
 575  +2.2735e-03  +2.2794e-03  +2.2849e-03  +2.2901e-03  +2.2901e-03  +2.2849e-03  +2.2794e-03  +2.2735e-03 +1.9515e-04 +9.8883e-01
 576  +2.2735e-03  +2.2792e-03  +2.2847e-03  +2.2898e-03  +2.2898e-03  +2.2847e-03  +2.2792e-03  +2.2735e-03 +1.9301e-04 +9.8883e-01
 577  +2.2734e-03  +2.2791e-03  +2.2845e-03  +2.2896e-03  +2.2896e-03  +2.2845e-03  +2.2791e-03  +2.2734e-03 +1.9089e-04 +9.8883e-01
 578  +2.2733e-03  +2.2790e-03  +2.2843e-03  +2.2893e-03  +2.2893e-03  +2.2843e-03  +2.2790e-03  +2.2733e-03 +1.8879e-04 +9.8883e-01
 579  +2.2733e-03  +2.2788e-03  +2.2842e-03  +2.2891e-03  +2.2891e-03  +2.2842e-03  +2.2788e-03  +2.2733e-03 +1.8672e-04 +9.8883e-01
 580  +2.2732e-03  +2.2787e-03  +2.2840e-03  +2.2889e-03  +2.2889e-03  +2.2840e-03  +2.2787e-03  +2.2732e-03 +1.8466e-04 +9.8883e-01
 581  +2.2731e-03  +2.2786e-03  +2.2838e-03  +2.2886e-03  +2.2886e-03  +2.2838e-03  +2.2786e-03  +2.2731e-03 +1.8264e-04 +9.8883e-01
 582  +2.2731e-03  +2.2785e-03  +2.2836e-03  +2.2884e-03  +2.2884e-03  +2.2836e-03  +2.2785e-03  +2.2731e-03 +1.8063e-04 +9.8883e-01
 583  +2.2730e-03  +2.2783e-03  +2.2834e-03  +2.2882e-03  +2.2882e-03  +2.2834e-03  +2.2783e-03  +2.2730e-03 +1.7864e-04 +9.8883e-01
 584  +2.2730e-03  +2.2782e-03  +2.2833e-03  +2.2879e-03  +2.2879e-03  +2.2833e-03  +2.2782e-03  +2.2730e-03 +1.7668e-04 +9.8883e-01
 585  +2.2729e-03  +2.2781e-03  +2.2831e-03  +2.2877e-03  +2.2877e-03  +2.2831e-03  +2.2781e-03  +2.2729e-03 +1.7474e-04 +9.8883e-01
 586  +2.2728e-03  +2.2780e-03  +2.2829e-03  +2.2875e-03  +2.2875e-03  +2.2829e-03  +2.2780e-03  +2.2728e-03 +1.7281e-04 +9.8883e-01
 587  +2.2728e-03  +2.2779e-03  +2.2827e-03  +2.2873e-03  +2.2873e-03  +2.2827e-03  +2.2779e-03  +2.2728e-03 +1.7091e-04 +9.8883e-01
 588  +2.2727e-03  +2.2778e-03  +2.2826e-03  +2.2870e-03  +2.2870e-03  +2.2826e-03  +2.2778e-03  +2.2727e-03 +1.6903e-04 +9.8883e-01
 589  +2.2727e-03  +2.2776e-03  +2.2824e-03  +2.2868e-03  +2.2868e-03  +2.2824e-03  +2.2776e-03  +2.2727e-03 +1.6717e-04 +9.8883e-01
 590  +2.2726e-03  +2.2775e-03  +2.2822e-03  +2.2866e-03  +2.2866e-03  +2.2822e-03  +2.2775e-03  +2.2726e-03 +1.6533e-04 +9.8883e-01
 591  +2.2726e-03  +2.2774e-03  +2.2821e-03  +2.2864e-03  +2.2864e-03  +2.2821e-03  +2.2774e-03  +2.2726e-03 +1.6351e-04 +9.8883e-01
 592  +2.2725e-03  +2.2773e-03  +2.2819e-03  +2.2862e-03  +2.2862e-03  +2.2819e-03  +2.2773e-03  +2.2725e-03 +1.6171e-04 +9.8883e-01
 593  +2.2724e-03  +2.2772e-03  +2.2817e-03  +2.2860e-03  +2.2860e-03  +2.2817e-03  +2.2772e-03  +2.2724e-03 +1.5993e-04 +9.8883e-01
 594  +2.2724e-03  +2.2771e-03  +2.2816e-03  +2.2858e-03  +2.2858e-03  +2.2816e-03  +2.2771e-03  +2.2724e-03 +1.5817e-04 +9.8883e-01
 595  +2.2723e-03  +2.2770e-03  +2.2814e-03  +2.2856e-03  +2.2856e-03  +2.2814e-03  +2.2770e-03  +2.2723e-03 +1.5643e-04 +9.8883e-01
 596  +2.2723e-03  +2.2769e-03  +2.2813e-03  +2.2854e-03  +2.2854e-03  +2.2813e-03  +2.2769e-03  +2.2723e-03 +1.5471e-04 +9.8883e-01
 597  +2.2722e-03  +2.2768e-03  +2.2811e-03  +2.2852e-03  +2.2852e-03  +2.2811e-03  +2.2768e-03  +2.2722e-03 +1.5300e-04 +9.8883e-01
 598  +2.2722e-03  +2.2767e-03  +2.2810e-03  +2.2850e-03  +2.2850e-03  +2.2810e-03  +2.2767e-03  +2.2722e-03 +1.5131e-04 +9.8883e-01
 599  +2.2721e-03  +2.2766e-03  +2.2808e-03  +2.2848e-03  +2.2848e-03  +2.2808e-03  +2.2766e-03  +2.2721e-03 +1.4965e-04 +9.8883e-01
 600  +2.2721e-03  +2.2765e-03  +2.2807e-03  +2.2846e-03  +2.2846e-03  +2.2807e-03  +2.2765e-03  +2.2721e-03 +1.4800e-04 +9.8883e-01
 601  +2.2720e-03  +2.2764e-03  +2.2805e-03  +2.2844e-03  +2.2844e-03  +2.2805e-03  +2.2764e-03  +2.2720e-03 +1.4637e-04 +9.8883e-01
 602  +2.2720e-03  +2.2763e-03  +2.2804e-03  +2.2842e-03  +2.2842e-03  +2.2804e-03  +2.2763e-03  +2.2720e-03 +1.4475e-04 +9.8883e-01
 603  +2.2719e-03  +2.2762e-03  +2.2802e-03  +2.2840e-03  +2.2840e-03  +2.2802e-03  +2.2762e-03  +2.2719e-03 +1.4316e-04 +9.8883e-01
 604  +2.2719e-03  +2.2761e-03  +2.2801e-03  +2.2838e-03  +2.2838e-03  +2.2801e-03  +2.2761e-03  +2.2719e-03 +1.4158e-04 +9.8883e-01
 605  +2.2718e-03  +2.2760e-03  +2.2800e-03  +2.2837e-03  +2.2837e-03  +2.2800e-03  +2.2760e-03  +2.2718e-03 +1.4002e-04 +9.8883e-01
 606  +2.2718e-03  +2.2759e-03  +2.2798e-03  +2.2835e-03  +2.2835e-03  +2.2798e-03  +2.2759e-03  +2.2718e-03 +1.3847e-04 +9.8883e-01
 607  +2.2717e-03  +2.2758e-03  +2.2797e-03  +2.2833e-03  +2.2833e-03  +2.2797e-03  +2.2758e-03  +2.2717e-03 +1.3694e-04 +9.8883e-01
 608  +2.2717e-03  +2.2757e-03  +2.2795e-03  +2.2831e-03  +2.2831e-03  +2.2795e-03  +2.2757e-03  +2.2717e-03 +1.3543e-04 +9.8883e-01
 609  +2.2716e-03  +2.2756e-03  +2.2794e-03  +2.2829e-03  +2.2829e-03  +2.2794e-03  +2.2756e-03  +2.2716e-03 +1.3394e-04 +9.8883e-01
 610  +2.2716e-03  +2.2755e-03  +2.2793e-03  +2.2828e-03  +2.2828e-03  +2.2793e-03  +2.2755e-03  +2.2716e-03 +1.3246e-04 +9.8883e-01
 611  +2.2716e-03  +2.2754e-03  +2.2792e-03  +2.2826e-03  +2.2826e-03  +2.2792e-03  +2.2754e-03  +2.2716e-03 +1.3100e-04 +9.8883e-01
 612  +2.2715e-03  +2.2754e-03  +2.2790e-03  +2.2824e-03  +2.2824e-03  +2.2790e-03  +2.2754e-03  +2.2715e-03 +1.2955e-04 +9.8883e-01
 613  +2.2715e-03  +2.2753e-03  +2.2789e-03  +2.2823e-03  +2.2823e-03  +2.2789e-03  +2.2753e-03  +2.2715e-03 +1.2812e-04 +9.8883e-01
 614  +2.2714e-03  +2.2752e-03  +2.2788e-03  +2.2821e-03  +2.2821e-03  +2.2788e-03  +2.2752e-03  +2.2714e-03 +1.2670e-04 +9.8883e-01
 615  +2.2714e-03  +2.2751e-03  +2.2786e-03  +2.2819e-03  +2.2819e-03  +2.2786e-03  +2.2751e-03  +2.2714e-03 +1.2530e-04 +9.8883e-01
 616  +2.2713e-03  +2.2750e-03  +2.2785e-03  +2.2818e-03  +2.2818e-03  +2.2785e-03  +2.2750e-03  +2.2713e-03 +1.2392e-04 +9.8883e-01
 617  +2.2713e-03  +2.2749e-03  +2.2784e-03  +2.2816e-03  +2.2816e-03  +2.2784e-03  +2.2749e-03  +2.2713e-03 +1.2255e-04 +9.8883e-01
 618  +2.2712e-03  +2.2748e-03  +2.2783e-03  +2.2815e-03  +2.2815e-03  +2.2783e-03  +2.2748e-03  +2.2712e-03 +1.2120e-04 +9.8883e-01
 619  +2.2712e-03  +2.2748e-03  +2.2782e-03  +2.2813e-03  +2.2813e-03  +2.2782e-03  +2.2748e-03  +2.2712e-03 +1.1986e-04 +9.8883e-01
 620  +2.2712e-03  +2.2747e-03  +2.2780e-03  +2.2812e-03  +2.2812e-03  +2.2780e-03  +2.2747e-03  +2.2712e-03 +1.1853e-04 +9.8883e-01
 621  +2.2711e-03  +2.2746e-03  +2.2779e-03  +2.2810e-03  +2.2810e-03  +2.2779e-03  +2.2746e-03  +2.2711e-03 +1.1722e-04 +9.8883e-01
 622  +2.2711e-03  +2.2745e-03  +2.2778e-03  +2.2809e-03  +2.2809e-03  +2.2778e-03  +2.2745e-03  +2.2711e-03 +1.1593e-04 +9.8883e-01
 623  +2.2710e-03  +2.2744e-03  +2.2777e-03  +2.2807e-03  +2.2807e-03  +2.2777e-03  +2.2744e-03  +2.2710e-03 +1.1465e-04 +9.8883e-01
 624  +2.2710e-03  +2.2744e-03  +2.2776e-03  +2.2806e-03  +2.2806e-03  +2.2776e-03  +2.2744e-03  +2.2710e-03 +1.1338e-04 +9.8883e-01
 625  +2.2710e-03  +2.2743e-03  +2.2775e-03  +2.2804e-03  +2.2804e-03  +2.2775e-03  +2.2743e-03  +2.2710e-03 +1.1212e-04 +9.8883e-01
 626  +2.2709e-03  +2.2742e-03  +2.2774e-03  +2.2803e-03  +2.2803e-03  +2.2774e-03  +2.2742e-03  +2.2709e-03 +1.1088e-04 +9.8883e-01
 627  +2.2709e-03  +2.2741e-03  +2.2772e-03  +2.2801e-03  +2.2801e-03  +2.2772e-03  +2.2741e-03  +2.2709e-03 +1.0966e-04 +9.8883e-01
 628  +2.2709e-03  +2.2741e-03  +2.2771e-03  +2.2800e-03  +2.2800e-03  +2.2771e-03  +2.2741e-03  +2.2709e-03 +1.0844e-04 +9.8883e-01
 629  +2.2708e-03  +2.2740e-03  +2.2770e-03  +2.2799e-03  +2.2799e-03  +2.2770e-03  +2.2740e-03  +2.2708e-03 +1.0725e-04 +9.8883e-01
 630  +2.2708e-03  +2.2739e-03  +2.2769e-03  +2.2797e-03  +2.2797e-03  +2.2769e-03  +2.2739e-03  +2.2708e-03 +1.0606e-04 +9.8883e-01
 631  +2.2708e-03  +2.2739e-03  +2.2768e-03  +2.2796e-03  +2.2796e-03  +2.2768e-03  +2.2739e-03  +2.2708e-03 +1.0488e-04 +9.8883e-01
 632  +2.2707e-03  +2.2738e-03  +2.2767e-03  +2.2794e-03  +2.2794e-03  +2.2767e-03  +2.2738e-03  +2.2707e-03 +1.0372e-04 +9.8883e-01
 633  +2.2707e-03  +2.2737e-03  +2.2766e-03  +2.2793e-03  +2.2793e-03  +2.2766e-03  +2.2737e-03  +2.2707e-03 +1.0258e-04 +9.8883e-01
 634  +2.2706e-03  +2.2736e-03  +2.2765e-03  +2.2792e-03  +2.2792e-03  +2.2765e-03  +2.2736e-03  +2.2706e-03 +1.0144e-04 +9.8883e-01
 635  +2.2706e-03  +2.2736e-03  +2.2764e-03  +2.2791e-03  +2.2791e-03  +2.2764e-03  +2.2736e-03  +2.2706e-03 +1.0032e-04 +9.8883e-01
 636  +2.2706e-03  +2.2735e-03  +2.2763e-03  +2.2789e-03  +2.2789e-03  +2.2763e-03  +2.2735e-03  +2.2706e-03 +9.9207e-05 +9.8883e-01
 A converged solution was found after 636 iterations.

