
 OUTPUT FROM bailey_pset4_problem1_b.m 

 Solving Z * x = b for a tridiagonal system of size n =   20 using Gauss-Seidel Iteration 

 k+1     x(1)         x(2)         x(3)        x(4)          x(n-3)       x(n-2)       x(n-1)       x(n)       check       alpha
----------------------------------------------------------------------------------------------------------------------------------
  1  +1.1338e-03  +5.6689e-04  +2.8345e-04  +1.4172e-04  +1.7300e-08  +8.6501e-09  +5.0000e-01  +2.5113e-01 +1.9977e+00 +3.9443e-01
  2  +1.4172e-03  +8.5034e-04  +4.9603e-04  +2.8345e-04  +9.0826e-08  +2.5000e-01  +2.5057e-01  +1.2642e-01 +9.9774e-01 +6.6870e-01
  3  +1.5590e-03  +1.0275e-03  +6.5547e-04  +4.0745e-04  +1.2500e-01  +1.8778e-01  +1.5710e-01  +7.9684e-02 +6.6566e-01 +7.5766e-01
  4  +1.6475e-03  +1.1515e-03  +7.7948e-04  +5.1375e-04  +1.2514e-01  +1.4112e-01  +1.1040e-01  +5.6335e-02 +4.4289e-01 +8.1398e-01
  5  +1.7095e-03  +1.2445e-03  +8.7913e-04  +6.0509e-04  +1.0966e-01  +1.1003e-01  +8.3183e-02  +4.2725e-02 +2.8402e-01 +8.4916e-01
  6  +1.7560e-03  +1.3176e-03  +9.6134e-04  +6.8426e-04  +9.4160e-02  +8.8671e-02  +6.5698e-02  +3.3983e-02 +2.2685e-01 +8.7276e-01
  7  +1.7926e-03  +1.3770e-03  +1.0306e-03  +7.5353e-04  +8.1083e-02  +7.3391e-02  +5.3687e-02  +2.7977e-02 +1.8845e-01 +8.8972e-01
  8  +1.8223e-03  +1.4264e-03  +1.0900e-03  +8.1470e-04  +7.0434e-02  +6.2060e-02  +4.5019e-02  +2.3643e-02 +1.6087e-01 +9.0256e-01
  9  +1.8470e-03  +1.4685e-03  +1.1416e-03  +8.6918e-04  +6.1787e-02  +5.3403e-02  +3.8523e-02  +2.0395e-02 +1.4012e-01 +9.1263e-01
 10  +1.8680e-03  +1.5048e-03  +1.1870e-03  +9.1808e-04  +5.4717e-02  +4.6620e-02  +3.3508e-02  +1.7888e-02 +1.2617e-01 +9.2076e-01
 11  +1.8862e-03  +1.5366e-03  +1.2273e-03  +9.6226e-04  +4.8880e-02  +4.1194e-02  +2.9541e-02  +1.5904e-02 +1.1415e-01 +9.2747e-01
 12  +1.9021e-03  +1.5647e-03  +1.2635e-03  +1.0024e-03  +4.4009e-02  +3.6775e-02  +2.6339e-02  +1.4304e-02 +1.0403e-01 +9.3311e-01
 13  +1.9161e-03  +1.5898e-03  +1.2961e-03  +1.0391e-03  +3.9903e-02  +3.3121e-02  +2.3712e-02  +1.2990e-02 +9.5428e-02 +9.3794e-01
 14  +1.9287e-03  +1.6124e-03  +1.3258e-03  +1.0729e-03  +3.6408e-02  +3.0060e-02  +2.1525e-02  +1.1896e-02 +8.8037e-02 +9.4211e-01
 15  +1.9400e-03  +1.6329e-03  +1.3529e-03  +1.1040e-03  +3.3408e-02  +2.7466e-02  +1.9681e-02  +1.0974e-02 +8.0860e-02 +9.4577e-01
 16  +1.9502e-03  +1.6515e-03  +1.3778e-03  +1.1480e-03  +3.0811e-02  +2.5246e-02  +1.8110e-02  +1.0189e-02 +7.4458e-02 +9.4900e-01
 17  +1.9596e-03  +1.6687e-03  +1.4084e-03  +1.2244e-03  +2.8548e-02  +2.3329e-02  +1.6759e-02  +9.5134e-03 +7.0135e-02 +9.5189e-01
 18  +1.9681e-03  +1.6882e-03  +1.4563e-03  +1.3468e-03  +2.6562e-02  +2.1661e-02  +1.5587e-02  +8.9273e-03 +6.6208e-02 +9.5449e-01
 19  +1.9779e-03  +1.7171e-03  +1.5320e-03  +1.5203e-03  +2.4808e-02  +2.0198e-02  +1.4562e-02  +8.4150e-03 +6.2634e-02 +9.5684e-01
 20  +1.9923e-03  +1.7622e-03  +1.6412e-03  +1.7432e-03  +2.3252e-02  +1.8907e-02  +1.3661e-02  +7.9643e-03 +5.9372e-02 +9.5898e-01
 21  +2.0149e-03  +1.8281e-03  +1.7856e-03  +2.0088e-03  +2.1862e-02  +1.7762e-02  +1.2863e-02  +7.5653e-03 +5.6220e-02 +9.6095e-01
 22  +2.0478e-03  +1.9167e-03  +1.9628e-03  +2.3081e-03  +2.0617e-02  +1.6740e-02  +1.2153e-02  +7.2101e-03 +5.3087e-02 +9.6275e-01
 23  +2.0921e-03  +2.0274e-03  +2.1678e-03  +2.6312e-03  +1.9496e-02  +1.5824e-02  +1.1517e-02  +6.8924e-03 +5.0253e-02 +9.6441e-01
 24  +2.1475e-03  +2.1576e-03  +2.3944e-03  +2.9686e-03  +1.8482e-02  +1.5000e-02  +1.0946e-02  +6.6068e-03 +4.7678e-02 +9.6595e-01
 25  +2.2126e-03  +2.3035e-03  +2.6361e-03  +3.3117e-03  +1.7562e-02  +1.4254e-02  +1.0430e-02  +6.3490e-03 +4.5385e-02 +9.6737e-01
 26  +2.2855e-03  +2.4608e-03  +2.8862e-03  +3.6530e-03  +1.6724e-02  +1.3577e-02  +9.9632e-03  +6.1154e-03 +4.3622e-02 +9.6868e-01
 27  +2.3642e-03  +2.6252e-03  +3.1391e-03  +3.9864e-03  +1.5959e-02  +1.2961e-02  +9.5383e-03  +5.9030e-03 +4.1961e-02 +9.6989e-01
 28  +2.4464e-03  +2.7927e-03  +3.3896e-03  +4.3073e-03  +1.5259e-02  +1.2398e-02  +9.1507e-03  +5.7091e-03 +4.0389e-02 +9.7099e-01
 29  +2.5302e-03  +2.9599e-03  +3.6336e-03  +4.6120e-03  +1.4615e-02  +1.1883e-02  +8.7959e-03  +5.5317e-03 +3.8726e-02 +9.7199e-01
 30  +2.6137e-03  +3.1237e-03  +3.8678e-03  +4.8979e-03  +1.4021e-02  +1.1409e-02  +8.4701e-03  +5.3689e-03 +3.7177e-02 +9.7290e-01
 31  +2.6956e-03  +3.2817e-03  +4.0898e-03  +5.1633e-03  +1.3473e-02  +1.0972e-02  +8.1703e-03  +5.2189e-03 +3.5732e-02 +9.7371e-01
 32  +2.7746e-03  +3.4322e-03  +4.2978e-03  +5.4073e-03  +1.2966e-02  +1.0568e-02  +7.8936e-03  +5.0806e-03 +3.4381e-02 +9.7444e-01
 33  +2.8499e-03  +3.5738e-03  +4.4906e-03  +5.6295e-03  +1.2496e-02  +1.0195e-02  +7.6376e-03  +4.9526e-03 +3.3116e-02 +9.7508e-01
 34  +2.9207e-03  +3.7056e-03  +4.6676e-03  +5.8298e-03  +1.2058e-02  +9.8479e-03  +7.4003e-03  +4.8339e-03 +3.1931e-02 +9.7564e-01
 35  +2.9866e-03  +3.8271e-03  +4.8285e-03  +6.0088e-03  +1.1651e-02  +9.5255e-03  +7.1797e-03  +4.7236e-03 +3.0819e-02 +9.7614e-01
 36  +3.0473e-03  +3.9379e-03  +4.9733e-03  +6.1671e-03  +1.1270e-02  +9.2250e-03  +6.9743e-03  +4.6209e-03 +2.9830e-02 +9.7656e-01
 37  +3.1027e-03  +4.0380e-03  +5.1026e-03  +6.3055e-03  +1.0914e-02  +8.9444e-03  +6.7827e-03  +4.5251e-03 +2.8938e-02 +9.7693e-01
 38  +3.1528e-03  +4.1277e-03  +5.2166e-03  +6.4252e-03  +1.0581e-02  +8.6819e-03  +6.6035e-03  +4.4355e-03 +2.8073e-02 +9.7724e-01
 39  +3.1976e-03  +4.2071e-03  +5.3162e-03  +6.5271e-03  +1.0268e-02  +8.4359e-03  +6.4357e-03  +4.3516e-03 +2.7256e-02 +9.7751e-01
 40  +3.2373e-03  +4.2768e-03  +5.4019e-03  +6.6124e-03  +9.9742e-03  +8.2049e-03  +6.2783e-03  +4.2729e-03 +2.6486e-02 +9.7773e-01
 41  +3.2722e-03  +4.3370e-03  +5.4747e-03  +6.6822e-03  +9.6973e-03  +7.9878e-03  +6.1304e-03  +4.1990e-03 +2.5759e-02 +9.7791e-01
 42  +3.3023e-03  +4.3885e-03  +5.5353e-03  +6.7377e-03  +9.4362e-03  +7.7833e-03  +5.9911e-03  +4.1293e-03 +2.5072e-02 +9.7806e-01
 43  +3.3280e-03  +4.4317e-03  +5.5847e-03  +6.7800e-03  +9.1896e-03  +7.5903e-03  +5.8598e-03  +4.0637e-03 +2.4424e-02 +9.7818e-01
 44  +3.3496e-03  +4.4672e-03  +5.6236e-03  +6.8101e-03  +8.9563e-03  +7.4081e-03  +5.7359e-03  +4.0017e-03 +2.3812e-02 +9.7828e-01
 45  +3.3674e-03  +4.4955e-03  +5.6528e-03  +6.8292e-03  +8.7354e-03  +7.2356e-03  +5.6187e-03  +3.9431e-03 +2.3234e-02 +9.7836e-01
 46  +3.3815e-03  +4.5171e-03  +5.6732e-03  +6.8381e-03  +8.5258e-03  +7.0723e-03  +5.5077e-03  +3.8876e-03 +2.2687e-02 +9.7841e-01
 47  +3.3924e-03  +4.5328e-03  +5.6854e-03  +6.8379e-03  +8.3268e-03  +6.9173e-03  +5.4024e-03  +3.8350e-03 +2.2183e-02 +9.7845e-01
 48  +3.4002e-03  +4.5428e-03  +5.6903e-03  +6.8293e-03  +8.1376e-03  +6.7700e-03  +5.3025e-03  +3.7850e-03 +2.1750e-02 +9.7848e-01
 49  +3.4052e-03  +4.5478e-03  +5.6885e-03  +6.8133e-03  +7.9574e-03  +6.6299e-03  +5.2075e-03  +3.7375e-03 +2.1341e-02 +9.7850e-01
 50  +3.4077e-03  +4.5481e-03  +5.6807e-03  +6.7905e-03  +7.7856e-03  +6.4965e-03  +5.1170e-03  +3.6923e-03 +2.0952e-02 +9.7851e-01
 51  +3.4078e-03  +4.5443e-03  +5.6674e-03  +6.7617e-03  +7.6216e-03  +6.3693e-03  +5.0308e-03  +3.6492e-03 +2.0583e-02 +9.7851e-01
 52  +3.4059e-03  +4.5367e-03  +5.6492e-03  +6.7275e-03  +7.4649e-03  +6.2479e-03  +4.9485e-03  +3.6081e-03 +2.0232e-02 +9.7850e-01
 53  +3.4021e-03  +4.5256e-03  +5.6266e-03  +6.6886e-03  +7.3151e-03  +6.1318e-03  +4.8699e-03  +3.5688e-03 +1.9898e-02 +9.7849e-01
 54  +3.3966e-03  +4.5116e-03  +5.6001e-03  +6.6454e-03  +7.1716e-03  +6.0207e-03  +4.7948e-03  +3.5312e-03 +1.9581e-02 +9.7847e-01
 55  +3.3896e-03  +4.4948e-03  +5.5701e-03  +6.5985e-03  +7.0340e-03  +5.9144e-03  +4.7228e-03  +3.4952e-03 +1.9279e-02 +9.7846e-01
 56  +3.3812e-03  +4.4757e-03  +5.5371e-03  +6.5484e-03  +6.9020e-03  +5.8124e-03  +4.6538e-03  +3.4607e-03 +1.8990e-02 +9.7844e-01
 57  +3.3716e-03  +4.4543e-03  +5.5014e-03  +6.4954e-03  +6.7752e-03  +5.7145e-03  +4.5876e-03  +3.4276e-03 +1.8745e-02 +9.7841e-01
 58  +3.3610e-03  +4.4312e-03  +5.4633e-03  +6.4401e-03  +6.6533e-03  +5.6205e-03  +4.5240e-03  +3.3958e-03 +1.8543e-02 +9.7839e-01
 59  +3.3494e-03  +4.4063e-03  +5.4232e-03  +6.3826e-03  +6.5361e-03  +5.5301e-03  +4.4629e-03  +3.3652e-03 +1.8348e-02 +9.7837e-01
 60  +3.3370e-03  +4.3801e-03  +5.3814e-03  +6.3234e-03  +6.4232e-03  +5.4430e-03  +4.4041e-03  +3.3359e-03 +1.8159e-02 +9.7834e-01
 61  +3.3238e-03  +4.3526e-03  +5.3380e-03  +6.2628e-03  +6.3143e-03  +5.3592e-03  +4.3475e-03  +3.3076e-03 +1.7976e-02 +9.7832e-01
 62  +3.3101e-03  +4.3240e-03  +5.2934e-03  +6.2010e-03  +6.2093e-03  +5.2784e-03  +4.2930e-03  +3.2803e-03 +1.7798e-02 +9.7829e-01
 63  +3.2958e-03  +4.2946e-03  +5.2478e-03  +6.1382e-03  +6.1080e-03  +5.2005e-03  +4.2404e-03  +3.2540e-03 +1.7624e-02 +9.7827e-01
 64  +3.2811e-03  +4.2645e-03  +5.2013e-03  +6.0747e-03  +6.0101e-03  +5.1253e-03  +4.1896e-03  +3.2286e-03 +1.7455e-02 +9.7824e-01
 65  +3.2660e-03  +4.2337e-03  +5.1542e-03  +6.0107e-03  +5.9155e-03  +5.0526e-03  +4.1406e-03  +3.2041e-03 +1.7281e-02 +9.7822e-01
 66  +3.2506e-03  +4.2024e-03  +5.1066e-03  +5.9463e-03  +5.8240e-03  +4.9823e-03  +4.0932e-03  +3.1804e-03 +1.7112e-02 +9.7820e-01
 67  +3.2350e-03  +4.1708e-03  +5.0586e-03  +5.8818e-03  +5.7355e-03  +4.9143e-03  +4.0474e-03  +3.1575e-03 +1.6947e-02 +9.7818e-01
 68  +3.2192e-03  +4.1389e-03  +5.0103e-03  +5.8171e-03  +5.6497e-03  +4.8485e-03  +4.0030e-03  +3.1353e-03 +1.6817e-02 +9.7815e-01
 69  +3.2032e-03  +4.1068e-03  +4.9620e-03  +5.7526e-03  +5.5666e-03  +4.7848e-03  +3.9600e-03  +3.1138e-03 +1.6693e-02 +9.7813e-01
 70  +3.1872e-03  +4.0746e-03  +4.9136e-03  +5.6883e-03  +5.4860e-03  +4.7230e-03  +3.9184e-03  +3.0930e-03 +1.6571e-02 +9.7811e-01
 71  +3.1711e-03  +4.0423e-03  +4.8653e-03  +5.6242e-03  +5.4079e-03  +4.6632e-03  +3.8781e-03  +3.0728e-03 +1.6448e-02 +9.7810e-01
 72  +3.1550e-03  +4.0101e-03  +4.8172e-03  +5.5606e-03  +5.3321e-03  +4.6051e-03  +3.8390e-03  +3.0533e-03 +1.6326e-02 +9.7808e-01
 73  +3.1388e-03  +3.9780e-03  +4.7693e-03  +5.4974e-03  +5.2585e-03  +4.5487e-03  +3.8010e-03  +3.0343e-03 +1.6205e-02 +9.7806e-01
 74  +3.1228e-03  +3.9460e-03  +4.7217e-03  +5.4347e-03  +5.1870e-03  +4.4940e-03  +3.7641e-03  +3.0159e-03 +1.6084e-02 +9.7804e-01
 75  +3.1068e-03  +3.9143e-03  +4.6745e-03  +5.3727e-03  +5.1175e-03  +4.4408e-03  +3.7283e-03  +2.9980e-03 +1.5963e-02 +9.7803e-01
 76  +3.0909e-03  +3.8827e-03  +4.6277e-03  +5.3113e-03  +5.0500e-03  +4.3892e-03  +3.6936e-03  +2.9806e-03 +1.5842e-02 +9.7801e-01
 77  +3.0751e-03  +3.8514e-03  +4.5814e-03  +5.2506e-03  +4.9843e-03  +4.3389e-03  +3.6598e-03  +2.9637e-03 +1.5722e-02 +9.7800e-01
 78  +3.0595e-03  +3.8204e-03  +4.5355e-03  +5.1907e-03  +4.9205e-03  +4.2901e-03  +3.6269e-03  +2.9472e-03 +1.5601e-02 +9.7799e-01
 79  +3.0440e-03  +3.7898e-03  +4.4902e-03  +5.1316e-03  +4.8583e-03  +4.2426e-03  +3.5949e-03  +2.9312e-03 +1.5480e-02 +9.7798e-01
 80  +3.0287e-03  +3.7595e-03  +4.4455e-03  +5.0732e-03  +4.7979e-03  +4.1964e-03  +3.5638e-03  +2.9157e-03 +1.5360e-02 +9.7796e-01
 81  +3.0135e-03  +3.7295e-03  +4.4014e-03  +5.0157e-03  +4.7390e-03  +4.1514e-03  +3.5335e-03  +2.9006e-03 +1.5239e-02 +9.7795e-01
 82  +2.9985e-03  +3.7000e-03  +4.3578e-03  +4.9591e-03  +4.6816e-03  +4.1076e-03  +3.5041e-03  +2.8858e-03 +1.5118e-02 +9.7794e-01
 83  +2.9838e-03  +3.6708e-03  +4.3149e-03  +4.9033e-03  +4.6258e-03  +4.0649e-03  +3.4754e-03  +2.8715e-03 +1.4997e-02 +9.7793e-01
 84  +2.9692e-03  +3.6421e-03  +4.2727e-03  +4.8484e-03  +4.5714e-03  +4.0234e-03  +3.4474e-03  +2.8575e-03 +1.4876e-02 +9.7792e-01
 85  +2.9548e-03  +3.6137e-03  +4.2311e-03  +4.7944e-03  +4.5183e-03  +3.9829e-03  +3.4202e-03  +2.8439e-03 +1.4755e-02 +9.7791e-01
 86  +2.9407e-03  +3.5859e-03  +4.1902e-03  +4.7414e-03  +4.4666e-03  +3.9434e-03  +3.3936e-03  +2.8306e-03 +1.4644e-02 +9.7791e-01
 87  +2.9267e-03  +3.5584e-03  +4.1499e-03  +4.6892e-03  +4.4162e-03  +3.9049e-03  +3.3678e-03  +2.8177e-03 +1.4532e-02 +9.7790e-01
 88  +2.9130e-03  +3.5315e-03  +4.1103e-03  +4.6380e-03  +4.3671e-03  +3.8674e-03  +3.3426e-03  +2.8051e-03 +1.4419e-02 +9.7789e-01
 89  +2.8995e-03  +3.5049e-03  +4.0715e-03  +4.5877e-03  +4.3192e-03  +3.8309e-03  +3.3180e-03  +2.7928e-03 +1.4305e-02 +9.7789e-01
 90  +2.8863e-03  +3.4789e-03  +4.0333e-03  +4.5383e-03  +4.2724e-03  +3.7952e-03  +3.2940e-03  +2.7808e-03 +1.4189e-02 +9.7788e-01
 91  +2.8732e-03  +3.4532e-03  +3.9957e-03  +4.4898e-03  +4.2268e-03  +3.7604e-03  +3.2706e-03  +2.7691e-03 +1.4073e-02 +9.7787e-01
 92  +2.8604e-03  +3.4281e-03  +3.9589e-03  +4.4422e-03  +4.1823e-03  +3.7264e-03  +3.2478e-03  +2.7577e-03 +1.3956e-02 +9.7787e-01
 93  +2.8478e-03  +3.4034e-03  +3.9228e-03  +4.3955e-03  +4.1389e-03  +3.6933e-03  +3.2255e-03  +2.7465e-03 +1.3838e-02 +9.7786e-01
 94  +2.8355e-03  +3.3791e-03  +3.8873e-03  +4.3497e-03  +4.0965e-03  +3.6610e-03  +3.2038e-03  +2.7357e-03 +1.3719e-02 +9.7786e-01
 95  +2.8233e-03  +3.3553e-03  +3.8525e-03  +4.3048e-03  +4.0551e-03  +3.6294e-03  +3.1825e-03  +2.7251e-03 +1.3600e-02 +9.7785e-01
 96  +2.8114e-03  +3.3320e-03  +3.8184e-03  +4.2608e-03  +4.0147e-03  +3.5986e-03  +3.1618e-03  +2.7147e-03 +1.3480e-02 +9.7785e-01
 97  +2.7998e-03  +3.3091e-03  +3.7849e-03  +4.2176e-03  +3.9753e-03  +3.5686e-03  +3.1416e-03  +2.7046e-03 +1.3359e-02 +9.7784e-01
 98  +2.7883e-03  +3.2866e-03  +3.7521e-03  +4.1753e-03  +3.9368e-03  +3.5392e-03  +3.1219e-03  +2.6947e-03 +1.3237e-02 +9.7784e-01
 99  +2.7771e-03  +3.2646e-03  +3.7200e-03  +4.1339e-03  +3.8992e-03  +3.5105e-03  +3.1026e-03  +2.6851e-03 +1.3115e-02 +9.7784e-01
 100  +2.7661e-03  +3.2430e-03  +3.6885e-03  +4.0933e-03  +3.8624e-03  +3.4825e-03  +3.0838e-03  +2.6757e-03 +1.2992e-02 +9.7783e-01
 101  +2.7553e-03  +3.2219e-03  +3.6576e-03  +4.0535e-03  +3.8266e-03  +3.4552e-03  +3.0655e-03  +2.6665e-03 +1.2869e-02 +9.7783e-01
 102  +2.7447e-03  +3.2012e-03  +3.6273e-03  +4.0146e-03  +3.7916e-03  +3.4285e-03  +3.0475e-03  +2.6575e-03 +1.2745e-02 +9.7783e-01
 103  +2.7344e-03  +3.1809e-03  +3.5977e-03  +3.9764e-03  +3.7573e-03  +3.4024e-03  +3.0300e-03  +2.6488e-03 +1.2620e-02 +9.7783e-01
 104  +2.7242e-03  +3.1610e-03  +3.5687e-03  +3.9391e-03  +3.7239e-03  +3.3770e-03  +3.0129e-03  +2.6402e-03 +1.2495e-02 +9.7782e-01
 105  +2.7143e-03  +3.1415e-03  +3.5403e-03  +3.9025e-03  +3.6913e-03  +3.3521e-03  +2.9961e-03  +2.6319e-03 +1.2370e-02 +9.7782e-01
 106  +2.7045e-03  +3.1224e-03  +3.5124e-03  +3.8666e-03  +3.6594e-03  +3.3278e-03  +2.9798e-03  +2.6237e-03 +1.2245e-02 +9.7782e-01
 107  +2.6950e-03  +3.1037e-03  +3.4852e-03  +3.8316e-03  +3.6282e-03  +3.3040e-03  +2.9638e-03  +2.6157e-03 +1.2119e-02 +9.7782e-01
 108  +2.6856e-03  +3.0854e-03  +3.4585e-03  +3.7973e-03  +3.5977e-03  +3.2808e-03  +2.9483e-03  +2.6079e-03 +1.1993e-02 +9.7781e-01
 109  +2.6765e-03  +3.0675e-03  +3.4324e-03  +3.7637e-03  +3.5680e-03  +3.2581e-03  +2.9330e-03  +2.6003e-03 +1.1867e-02 +9.7781e-01
 110  +2.6675e-03  +3.0500e-03  +3.4068e-03  +3.7308e-03  +3.5389e-03  +3.2360e-03  +2.9181e-03  +2.5929e-03 +1.1740e-02 +9.7781e-01
 111  +2.6588e-03  +3.0328e-03  +3.3818e-03  +3.6986e-03  +3.5105e-03  +3.2143e-03  +2.9036e-03  +2.5856e-03 +1.1613e-02 +9.7781e-01
 112  +2.6502e-03  +3.0160e-03  +3.3573e-03  +3.6671e-03  +3.4827e-03  +3.1932e-03  +2.8894e-03  +2.5785e-03 +1.1487e-02 +9.7781e-01
 113  +2.6418e-03  +2.9995e-03  +3.3333e-03  +3.6363e-03  +3.4556e-03  +3.1725e-03  +2.8755e-03  +2.5715e-03 +1.1360e-02 +9.7781e-01
 114  +2.6336e-03  +2.9834e-03  +3.3098e-03  +3.6061e-03  +3.4291e-03  +3.1523e-03  +2.8619e-03  +2.5647e-03 +1.1233e-02 +9.7780e-01
 115  +2.6255e-03  +2.9677e-03  +3.2869e-03  +3.5766e-03  +3.4031e-03  +3.1325e-03  +2.8486e-03  +2.5581e-03 +1.1106e-02 +9.7780e-01
 116  +2.6176e-03  +2.9523e-03  +3.2644e-03  +3.5477e-03  +3.3778e-03  +3.1132e-03  +2.8357e-03  +2.5516e-03 +1.0979e-02 +9.7780e-01
 117  +2.6099e-03  +2.9372e-03  +3.2424e-03  +3.5194e-03  +3.3530e-03  +3.0943e-03  +2.8230e-03  +2.5453e-03 +1.0852e-02 +9.7780e-01
 118  +2.6024e-03  +2.9224e-03  +3.2209e-03  +3.4918e-03  +3.3288e-03  +3.0759e-03  +2.8106e-03  +2.5391e-03 +1.0725e-02 +9.7780e-01
 119  +2.5950e-03  +2.9080e-03  +3.1999e-03  +3.4648e-03  +3.3052e-03  +3.0579e-03  +2.7985e-03  +2.5330e-03 +1.0598e-02 +9.7780e-01
 120  +2.5878e-03  +2.8938e-03  +3.1793e-03  +3.4383e-03  +3.2820e-03  +3.0403e-03  +2.7866e-03  +2.5271e-03 +1.0472e-02 +9.7780e-01
 121  +2.5807e-03  +2.8800e-03  +3.1592e-03  +3.4124e-03  +3.2594e-03  +3.0230e-03  +2.7751e-03  +2.5213e-03 +1.0346e-02 +9.7780e-01
 122  +2.5738e-03  +2.8665e-03  +3.1394e-03  +3.3871e-03  +3.2373e-03  +3.0062e-03  +2.7638e-03  +2.5157e-03 +1.0219e-02 +9.7780e-01
 123  +2.5670e-03  +2.8532e-03  +3.1202e-03  +3.3624e-03  +3.2157e-03  +2.9898e-03  +2.7527e-03  +2.5101e-03 +1.0094e-02 +9.7780e-01
 124  +2.5604e-03  +2.8403e-03  +3.1013e-03  +3.3381e-03  +3.1946e-03  +2.9737e-03  +2.7419e-03  +2.5047e-03 +9.9680e-03 +9.7780e-01
 125  +2.5539e-03  +2.8276e-03  +3.0829e-03  +3.3144e-03  +3.1740e-03  +2.9579e-03  +2.7313e-03  +2.4995e-03 +9.8428e-03 +9.7780e-01
 126  +2.5476e-03  +2.8152e-03  +3.0648e-03  +3.2913e-03  +3.1538e-03  +2.9426e-03  +2.7210e-03  +2.4943e-03 +9.7179e-03 +9.7779e-01
 127  +2.5414e-03  +2.8031e-03  +3.0472e-03  +3.2686e-03  +3.1341e-03  +2.9275e-03  +2.7109e-03  +2.4892e-03 +9.5934e-03 +9.7779e-01
 128  +2.5353e-03  +2.7913e-03  +3.0299e-03  +3.2464e-03  +3.1148e-03  +2.9129e-03  +2.7011e-03  +2.4843e-03 +9.4693e-03 +9.7779e-01
 129  +2.5294e-03  +2.7797e-03  +3.0131e-03  +3.2247e-03  +3.0959e-03  +2.8985e-03  +2.6914e-03  +2.4795e-03 +9.3457e-03 +9.7779e-01
 130  +2.5236e-03  +2.7683e-03  +2.9965e-03  +3.2035e-03  +3.0775e-03  +2.8845e-03  +2.6820e-03  +2.4748e-03 +9.2225e-03 +9.7779e-01
 131  +2.5180e-03  +2.7573e-03  +2.9804e-03  +3.1828e-03  +3.0595e-03  +2.8707e-03  +2.6728e-03  +2.4702e-03 +9.0999e-03 +9.7779e-01
 132  +2.5124e-03  +2.7464e-03  +2.9646e-03  +3.1625e-03  +3.0419e-03  +2.8573e-03  +2.6637e-03  +2.4657e-03 +8.9778e-03 +9.7779e-01
 133  +2.5070e-03  +2.7358e-03  +2.9492e-03  +3.1427e-03  +3.0246e-03  +2.8442e-03  +2.6549e-03  +2.4612e-03 +8.8562e-03 +9.7779e-01
 134  +2.5017e-03  +2.7254e-03  +2.9341e-03  +3.1233e-03  +3.0078e-03  +2.8314e-03  +2.6463e-03  +2.4569e-03 +8.7353e-03 +9.7779e-01
 135  +2.4965e-03  +2.7153e-03  +2.9193e-03  +3.1043e-03  +2.9913e-03  +2.8188e-03  +2.6379e-03  +2.4527e-03 +8.6149e-03 +9.7779e-01
 136  +2.4914e-03  +2.7054e-03  +2.9048e-03  +3.0858e-03  +2.9752e-03  +2.8066e-03  +2.6296e-03  +2.4486e-03 +8.4952e-03 +9.7779e-01
 137  +2.4865e-03  +2.6956e-03  +2.8907e-03  +3.0676e-03  +2.9595e-03  +2.7946e-03  +2.6216e-03  +2.4446e-03 +8.3762e-03 +9.7779e-01
 138  +2.4816e-03  +2.6862e-03  +2.8769e-03  +3.0499e-03  +2.9441e-03  +2.7829e-03  +2.6137e-03  +2.4406e-03 +8.2578e-03 +9.7779e-01
 139  +2.4769e-03  +2.6769e-03  +2.8634e-03  +3.0325e-03  +2.9291e-03  +2.7714e-03  +2.6060e-03  +2.4368e-03 +8.1402e-03 +9.7779e-01
 140  +2.4722e-03  +2.6678e-03  +2.8502e-03  +3.0155e-03  +2.9144e-03  +2.7602e-03  +2.5985e-03  +2.4330e-03 +8.0233e-03 +9.7779e-01
 141  +2.4677e-03  +2.6589e-03  +2.8372e-03  +2.9989e-03  +2.9000e-03  +2.7493e-03  +2.5911e-03  +2.4294e-03 +7.9072e-03 +9.7779e-01
 142  +2.4632e-03  +2.6502e-03  +2.8246e-03  +2.9827e-03  +2.8859e-03  +2.7385e-03  +2.5840e-03  +2.4258e-03 +7.7919e-03 +9.7779e-01
 143  +2.4589e-03  +2.6417e-03  +2.8122e-03  +2.9669e-03  +2.8722e-03  +2.7281e-03  +2.5769e-03  +2.4222e-03 +7.6773e-03 +9.7779e-01
 144  +2.4547e-03  +2.6334e-03  +2.8001e-03  +2.9513e-03  +2.8588e-03  +2.7178e-03  +2.5700e-03  +2.4188e-03 +7.5636e-03 +9.7779e-01
 145  +2.4505e-03  +2.6253e-03  +2.7883e-03  +2.9362e-03  +2.8456e-03  +2.7078e-03  +2.5633e-03  +2.4154e-03 +7.4507e-03 +9.7779e-01
 146  +2.4465e-03  +2.6174e-03  +2.7768e-03  +2.9213e-03  +2.8328e-03  +2.6980e-03  +2.5567e-03  +2.4122e-03 +7.3387e-03 +9.7779e-01
 147  +2.4425e-03  +2.6096e-03  +2.7655e-03  +2.9068e-03  +2.8202e-03  +2.6885e-03  +2.5503e-03  +2.4089e-03 +7.2276e-03 +9.7779e-01
 148  +2.4386e-03  +2.6020e-03  +2.7544e-03  +2.8926e-03  +2.8079e-03  +2.6791e-03  +2.5440e-03  +2.4058e-03 +7.1174e-03 +9.7779e-01
 149  +2.4348e-03  +2.5946e-03  +2.7436e-03  +2.8787e-03  +2.7959e-03  +2.6700e-03  +2.5379e-03  +2.4027e-03 +7.0081e-03 +9.7779e-01
 150  +2.4311e-03  +2.5874e-03  +2.7331e-03  +2.8652e-03  +2.7842e-03  +2.6610e-03  +2.5319e-03  +2.3997e-03 +6.8998e-03 +9.7779e-01
 151  +2.4275e-03  +2.5803e-03  +2.7227e-03  +2.8519e-03  +2.7727e-03  +2.6523e-03  +2.5260e-03  +2.3968e-03 +6.7923e-03 +9.7779e-01
 152  +2.4239e-03  +2.5733e-03  +2.7126e-03  +2.8389e-03  +2.7615e-03  +2.6437e-03  +2.5203e-03  +2.3939e-03 +6.6859e-03 +9.7779e-01
 153  +2.4204e-03  +2.5665e-03  +2.7027e-03  +2.8263e-03  +2.7505e-03  +2.6354e-03  +2.5146e-03  +2.3911e-03 +6.5804e-03 +9.7779e-01
 154  +2.4171e-03  +2.5599e-03  +2.6931e-03  +2.8139e-03  +2.7398e-03  +2.6272e-03  +2.5092e-03  +2.3884e-03 +6.4759e-03 +9.7779e-01
 155  +2.4137e-03  +2.5534e-03  +2.6836e-03  +2.8017e-03  +2.7293e-03  +2.6192e-03  +2.5038e-03  +2.3857e-03 +6.3725e-03 +9.7779e-01
 156  +2.4105e-03  +2.5471e-03  +2.6744e-03  +2.7899e-03  +2.7190e-03  +2.6114e-03  +2.4985e-03  +2.3831e-03 +6.2700e-03 +9.7779e-01
 157  +2.4073e-03  +2.5409e-03  +2.6654e-03  +2.7783e-03  +2.7090e-03  +2.6038e-03  +2.4934e-03  +2.3805e-03 +6.1685e-03 +9.7779e-01
 158  +2.4042e-03  +2.5348e-03  +2.6565e-03  +2.7669e-03  +2.6992e-03  +2.5963e-03  +2.4884e-03  +2.3780e-03 +6.0681e-03 +9.7779e-01
 159  +2.4012e-03  +2.5289e-03  +2.6479e-03  +2.7558e-03  +2.6896e-03  +2.5890e-03  +2.4835e-03  +2.3755e-03 +5.9688e-03 +9.7779e-01
 160  +2.3982e-03  +2.5231e-03  +2.6394e-03  +2.7450e-03  +2.6802e-03  +2.5818e-03  +2.4787e-03  +2.3731e-03 +5.8705e-03 +9.7779e-01
 161  +2.3953e-03  +2.5174e-03  +2.6312e-03  +2.7344e-03  +2.6710e-03  +2.5749e-03  +2.4740e-03  +2.3708e-03 +5.7732e-03 +9.7779e-01
 162  +2.3925e-03  +2.5118e-03  +2.6231e-03  +2.7240e-03  +2.6621e-03  +2.5680e-03  +2.4694e-03  +2.3685e-03 +5.6770e-03 +9.7779e-01
 163  +2.3897e-03  +2.5064e-03  +2.6152e-03  +2.7139e-03  +2.6533e-03  +2.5614e-03  +2.4649e-03  +2.3663e-03 +5.5819e-03 +9.7779e-01
 164  +2.3870e-03  +2.5011e-03  +2.6075e-03  +2.7040e-03  +2.6447e-03  +2.5548e-03  +2.4605e-03  +2.3641e-03 +5.4879e-03 +9.7779e-01
 165  +2.3843e-03  +2.4959e-03  +2.5999e-03  +2.6943e-03  +2.6364e-03  +2.5485e-03  +2.4563e-03  +2.3619e-03 +5.3949e-03 +9.7779e-01
 166  +2.3817e-03  +2.4908e-03  +2.5926e-03  +2.6848e-03  +2.6282e-03  +2.5422e-03  +2.4521e-03  +2.3598e-03 +5.3031e-03 +9.7779e-01
 167  +2.3792e-03  +2.4859e-03  +2.5853e-03  +2.6755e-03  +2.6202e-03  +2.5361e-03  +2.4480e-03  +2.3578e-03 +5.2123e-03 +9.7779e-01
 168  +2.3767e-03  +2.4810e-03  +2.5783e-03  +2.6665e-03  +2.6123e-03  +2.5301e-03  +2.4440e-03  +2.3558e-03 +5.1226e-03 +9.7779e-01
 169  +2.3743e-03  +2.4763e-03  +2.5714e-03  +2.6576e-03  +2.6047e-03  +2.5243e-03  +2.4400e-03  +2.3538e-03 +5.0341e-03 +9.7779e-01
 170  +2.3719e-03  +2.4717e-03  +2.5646e-03  +2.6490e-03  +2.5972e-03  +2.5186e-03  +2.4362e-03  +2.3519e-03 +4.9466e-03 +9.7779e-01
 171  +2.3696e-03  +2.4671e-03  +2.5580e-03  +2.6405e-03  +2.5899e-03  +2.5130e-03  +2.4325e-03  +2.3500e-03 +4.8602e-03 +9.7779e-01
 172  +2.3674e-03  +2.4627e-03  +2.5516e-03  +2.6322e-03  +2.5827e-03  +2.5076e-03  +2.4288e-03  +2.3482e-03 +4.7750e-03 +9.7779e-01
 173  +2.3651e-03  +2.4584e-03  +2.5453e-03  +2.6241e-03  +2.5757e-03  +2.5022e-03  +2.4252e-03  +2.3464e-03 +4.6908e-03 +9.7779e-01
 174  +2.3630e-03  +2.4541e-03  +2.5391e-03  +2.6162e-03  +2.5688e-03  +2.4970e-03  +2.4217e-03  +2.3446e-03 +4.6077e-03 +9.7779e-01
 175  +2.3609e-03  +2.4500e-03  +2.5331e-03  +2.6084e-03  +2.5622e-03  +2.4919e-03  +2.4183e-03  +2.3429e-03 +4.5258e-03 +9.7779e-01
 176  +2.3588e-03  +2.4459e-03  +2.5272e-03  +2.6009e-03  +2.5556e-03  +2.4869e-03  +2.4149e-03  +2.3413e-03 +4.4449e-03 +9.7779e-01
 177  +2.3568e-03  +2.4420e-03  +2.5214e-03  +2.5935e-03  +2.5492e-03  +2.4821e-03  +2.4117e-03  +2.3396e-03 +4.3652e-03 +9.7779e-01
 178  +2.3548e-03  +2.4381e-03  +2.5158e-03  +2.5862e-03  +2.5430e-03  +2.4773e-03  +2.4085e-03  +2.3380e-03 +4.2865e-03 +9.7779e-01
 179  +2.3528e-03  +2.4343e-03  +2.5103e-03  +2.5792e-03  +2.5368e-03  +2.4727e-03  +2.4053e-03  +2.3365e-03 +4.2089e-03 +9.7779e-01
 180  +2.3509e-03  +2.4306e-03  +2.5049e-03  +2.5722e-03  +2.5309e-03  +2.4681e-03  +2.4023e-03  +2.3349e-03 +4.1324e-03 +9.7779e-01
 181  +2.3491e-03  +2.4270e-03  +2.4996e-03  +2.5655e-03  +2.5250e-03  +2.4636e-03  +2.3993e-03  +2.3334e-03 +4.0570e-03 +9.7779e-01
 182  +2.3473e-03  +2.4234e-03  +2.4945e-03  +2.5589e-03  +2.5193e-03  +2.4593e-03  +2.3964e-03  +2.3320e-03 +3.9827e-03 +9.7779e-01
 183  +2.3455e-03  +2.4200e-03  +2.4894e-03  +2.5524e-03  +2.5137e-03  +2.4550e-03  +2.3935e-03  +2.3305e-03 +3.9095e-03 +9.7779e-01
 184  +2.3438e-03  +2.4166e-03  +2.4845e-03  +2.5461e-03  +2.5082e-03  +2.4509e-03  +2.3907e-03  +2.3291e-03 +3.8373e-03 +9.7779e-01
 185  +2.3421e-03  +2.4133e-03  +2.4797e-03  +2.5399e-03  +2.5029e-03  +2.4468e-03  +2.3880e-03  +2.3278e-03 +3.7662e-03 +9.7779e-01
 186  +2.3404e-03  +2.4101e-03  +2.4750e-03  +2.5338e-03  +2.4977e-03  +2.4428e-03  +2.3853e-03  +2.3264e-03 +3.6961e-03 +9.7779e-01
 187  +2.3388e-03  +2.4069e-03  +2.4704e-03  +2.5279e-03  +2.4925e-03  +2.4389e-03  +2.3827e-03  +2.3251e-03 +3.6271e-03 +9.7779e-01
 188  +2.3372e-03  +2.4038e-03  +2.4658e-03  +2.5221e-03  +2.4875e-03  +2.4351e-03  +2.3801e-03  +2.3238e-03 +3.5592e-03 +9.7779e-01
 189  +2.3357e-03  +2.4008e-03  +2.4614e-03  +2.5165e-03  +2.4827e-03  +2.4314e-03  +2.3776e-03  +2.3226e-03 +3.4923e-03 +9.7779e-01
 190  +2.3342e-03  +2.3978e-03  +2.4571e-03  +2.5109e-03  +2.4779e-03  +2.4277e-03  +2.3752e-03  +2.3214e-03 +3.4264e-03 +9.7779e-01
 191  +2.3327e-03  +2.3949e-03  +2.4529e-03  +2.5055e-03  +2.4732e-03  +2.4242e-03  +2.3728e-03  +2.3202e-03 +3.3616e-03 +9.7779e-01
 192  +2.3312e-03  +2.3921e-03  +2.4488e-03  +2.5002e-03  +2.4686e-03  +2.4207e-03  +2.3704e-03  +2.3190e-03 +3.2977e-03 +9.7779e-01
 193  +2.3298e-03  +2.3893e-03  +2.4448e-03  +2.4951e-03  +2.4642e-03  +2.4173e-03  +2.3682e-03  +2.3179e-03 +3.2349e-03 +9.7779e-01
 194  +2.3284e-03  +2.3866e-03  +2.4408e-03  +2.4900e-03  +2.4598e-03  +2.4140e-03  +2.3659e-03  +2.3167e-03 +3.1731e-03 +9.7779e-01
 195  +2.3271e-03  +2.3840e-03  +2.4370e-03  +2.4851e-03  +2.4555e-03  +2.4107e-03  +2.3637e-03  +2.3157e-03 +3.1123e-03 +9.7779e-01
 196  +2.3258e-03  +2.3814e-03  +2.4332e-03  +2.4803e-03  +2.4514e-03  +2.4076e-03  +2.3616e-03  +2.3146e-03 +3.0524e-03 +9.7779e-01
 197  +2.3245e-03  +2.3789e-03  +2.4296e-03  +2.4755e-03  +2.4473e-03  +2.4044e-03  +2.3595e-03  +2.3135e-03 +2.9935e-03 +9.7779e-01
 198  +2.3232e-03  +2.3764e-03  +2.4260e-03  +2.4709e-03  +2.4433e-03  +2.4014e-03  +2.3575e-03  +2.3125e-03 +2.9356e-03 +9.7779e-01
 199  +2.3220e-03  +2.3740e-03  +2.4224e-03  +2.4664e-03  +2.4394e-03  +2.3984e-03  +2.3555e-03  +2.3115e-03 +2.8787e-03 +9.7779e-01
 200  +2.3208e-03  +2.3716e-03  +2.4190e-03  +2.4620e-03  +2.4356e-03  +2.3955e-03  +2.3535e-03  +2.3105e-03 +2.8227e-03 +9.7779e-01
 201  +2.3196e-03  +2.3693e-03  +2.4156e-03  +2.4577e-03  +2.4318e-03  +2.3927e-03  +2.3516e-03  +2.3096e-03 +2.7676e-03 +9.7779e-01
 202  +2.3184e-03  +2.3670e-03  +2.4123e-03  +2.4534e-03  +2.4282e-03  +2.3899e-03  +2.3497e-03  +2.3087e-03 +2.7135e-03 +9.7779e-01
 203  +2.3173e-03  +2.3648e-03  +2.4091e-03  +2.4493e-03  +2.4246e-03  +2.3872e-03  +2.3479e-03  +2.3077e-03 +2.6603e-03 +9.7779e-01
 204  +2.3162e-03  +2.3627e-03  +2.4060e-03  +2.4453e-03  +2.4211e-03  +2.3845e-03  +2.3461e-03  +2.3069e-03 +2.6080e-03 +9.7779e-01
 205  +2.3151e-03  +2.3606e-03  +2.4029e-03  +2.4413e-03  +2.4177e-03  +2.3819e-03  +2.3444e-03  +2.3060e-03 +2.5565e-03 +9.7779e-01
 206  +2.3141e-03  +2.3585e-03  +2.3999e-03  +2.4375e-03  +2.4144e-03  +2.3794e-03  +2.3427e-03  +2.3051e-03 +2.5060e-03 +9.7779e-01
 207  +2.3130e-03  +2.3565e-03  +2.3970e-03  +2.4337e-03  +2.4111e-03  +2.3769e-03  +2.3410e-03  +2.3043e-03 +2.4564e-03 +9.7779e-01
 208  +2.3120e-03  +2.3545e-03  +2.3941e-03  +2.4300e-03  +2.4079e-03  +2.3745e-03  +2.3394e-03  +2.3035e-03 +2.4076e-03 +9.7779e-01
 209  +2.3110e-03  +2.3526e-03  +2.3913e-03  +2.4264e-03  +2.4048e-03  +2.3721e-03  +2.3378e-03  +2.3027e-03 +2.3597e-03 +9.7779e-01
 210  +2.3101e-03  +2.3507e-03  +2.3885e-03  +2.4229e-03  +2.4018e-03  +2.3698e-03  +2.3362e-03  +2.3019e-03 +2.3126e-03 +9.7779e-01
 211  +2.3091e-03  +2.3488e-03  +2.3858e-03  +2.4194e-03  +2.3988e-03  +2.3675e-03  +2.3347e-03  +2.3011e-03 +2.2663e-03 +9.7779e-01
 212  +2.3082e-03  +2.3470e-03  +2.3832e-03  +2.4160e-03  +2.3959e-03  +2.3653e-03  +2.3332e-03  +2.3004e-03 +2.2209e-03 +9.7779e-01
 213  +2.3073e-03  +2.3453e-03  +2.3807e-03  +2.4127e-03  +2.3930e-03  +2.3631e-03  +2.3318e-03  +2.2997e-03 +2.1763e-03 +9.7779e-01
 214  +2.3064e-03  +2.3435e-03  +2.3781e-03  +2.4095e-03  +2.3902e-03  +2.3610e-03  +2.3303e-03  +2.2990e-03 +2.1325e-03 +9.7779e-01
 215  +2.3056e-03  +2.3418e-03  +2.3757e-03  +2.4064e-03  +2.3875e-03  +2.3589e-03  +2.3289e-03  +2.2983e-03 +2.0895e-03 +9.7779e-01
 216  +2.3047e-03  +2.3402e-03  +2.3733e-03  +2.4033e-03  +2.3848e-03  +2.3569e-03  +2.3276e-03  +2.2976e-03 +2.0473e-03 +9.7779e-01
 217  +2.3039e-03  +2.3386e-03  +2.3709e-03  +2.4003e-03  +2.3822e-03  +2.3549e-03  +2.3262e-03  +2.2969e-03 +2.0058e-03 +9.7779e-01
 218  +2.3031e-03  +2.3370e-03  +2.3686e-03  +2.3973e-03  +2.3797e-03  +2.3530e-03  +2.3249e-03  +2.2963e-03 +1.9651e-03 +9.7779e-01
 219  +2.3023e-03  +2.3355e-03  +2.3664e-03  +2.3944e-03  +2.3772e-03  +2.3511e-03  +2.3237e-03  +2.2956e-03 +1.9251e-03 +9.7779e-01
 220  +2.3015e-03  +2.3340e-03  +2.3642e-03  +2.3916e-03  +2.3748e-03  +2.3492e-03  +2.3224e-03  +2.2950e-03 +1.8859e-03 +9.7779e-01
 221  +2.3008e-03  +2.3325e-03  +2.3621e-03  +2.3889e-03  +2.3724e-03  +2.3474e-03  +2.3212e-03  +2.2944e-03 +1.8474e-03 +9.7779e-01
 222  +2.3000e-03  +2.3310e-03  +2.3600e-03  +2.3862e-03  +2.3701e-03  +2.3456e-03  +2.3200e-03  +2.2938e-03 +1.8097e-03 +9.7779e-01
 223  +2.2993e-03  +2.3296e-03  +2.3579e-03  +2.3835e-03  +2.3678e-03  +2.3439e-03  +2.3188e-03  +2.2932e-03 +1.7726e-03 +9.7779e-01
 224  +2.2986e-03  +2.3283e-03  +2.3559e-03  +2.3810e-03  +2.3656e-03  +2.3422e-03  +2.3177e-03  +2.2926e-03 +1.7362e-03 +9.7779e-01
 225  +2.2979e-03  +2.3269e-03  +2.3539e-03  +2.3784e-03  +2.3634e-03  +2.3405e-03  +2.3166e-03  +2.2921e-03 +1.7006e-03 +9.7779e-01
 226  +2.2972e-03  +2.3256e-03  +2.3520e-03  +2.3760e-03  +2.3613e-03  +2.3389e-03  +2.3155e-03  +2.2915e-03 +1.6656e-03 +9.7779e-01
 227  +2.2966e-03  +2.3243e-03  +2.3501e-03  +2.3736e-03  +2.3592e-03  +2.3373e-03  +2.3144e-03  +2.2910e-03 +1.6312e-03 +9.7779e-01
 228  +2.2959e-03  +2.3230e-03  +2.3483e-03  +2.3712e-03  +2.3571e-03  +2.3358e-03  +2.3134e-03  +2.2905e-03 +1.5975e-03 +9.7779e-01
 229  +2.2953e-03  +2.3218e-03  +2.3465e-03  +2.3689e-03  +2.3551e-03  +2.3343e-03  +2.3124e-03  +2.2900e-03 +1.5645e-03 +9.7779e-01
 230  +2.2947e-03  +2.3206e-03  +2.3448e-03  +2.3667e-03  +2.3532e-03  +2.3328e-03  +2.3114e-03  +2.2895e-03 +1.5321e-03 +9.7779e-01
 231  +2.2941e-03  +2.3194e-03  +2.3430e-03  +2.3645e-03  +2.3513e-03  +2.3313e-03  +2.3104e-03  +2.2890e-03 +1.5003e-03 +9.7779e-01
 232  +2.2935e-03  +2.3183e-03  +2.3414e-03  +2.3623e-03  +2.3494e-03  +2.3299e-03  +2.3095e-03  +2.2885e-03 +1.4691e-03 +9.7779e-01
 233  +2.2929e-03  +2.3171e-03  +2.3397e-03  +2.3602e-03  +2.3476e-03  +2.3285e-03  +2.3085e-03  +2.2881e-03 +1.4385e-03 +9.7779e-01
 234  +2.2924e-03  +2.3160e-03  +2.3381e-03  +2.3581e-03  +2.3458e-03  +2.3272e-03  +2.3076e-03  +2.2876e-03 +1.4086e-03 +9.7779e-01
 235  +2.2918e-03  +2.3150e-03  +2.3366e-03  +2.3561e-03  +2.3441e-03  +2.3259e-03  +2.3067e-03  +2.2872e-03 +1.3792e-03 +9.7779e-01
 236  +2.2913e-03  +2.3139e-03  +2.3350e-03  +2.3542e-03  +2.3424e-03  +2.3246e-03  +2.3059e-03  +2.2867e-03 +1.3504e-03 +9.7779e-01
 237  +2.2907e-03  +2.3129e-03  +2.3335e-03  +2.3522e-03  +2.3407e-03  +2.3233e-03  +2.3050e-03  +2.2863e-03 +1.3221e-03 +9.7779e-01
 238  +2.2902e-03  +2.3119e-03  +2.3321e-03  +2.3504e-03  +2.3391e-03  +2.3221e-03  +2.3042e-03  +2.2859e-03 +1.2944e-03 +9.7779e-01
 239  +2.2897e-03  +2.3109e-03  +2.3306e-03  +2.3485e-03  +2.3375e-03  +2.3209e-03  +2.3034e-03  +2.2855e-03 +1.2673e-03 +9.7779e-01
 240  +2.2892e-03  +2.3099e-03  +2.3292e-03  +2.3467e-03  +2.3360e-03  +2.3197e-03  +2.3026e-03  +2.2851e-03 +1.2407e-03 +9.7779e-01
 241  +2.2888e-03  +2.3090e-03  +2.3279e-03  +2.3450e-03  +2.3345e-03  +2.3185e-03  +2.3018e-03  +2.2847e-03 +1.2146e-03 +9.7779e-01
 242  +2.2883e-03  +2.3081e-03  +2.3265e-03  +2.3432e-03  +2.3330e-03  +2.3174e-03  +2.3010e-03  +2.2843e-03 +1.1890e-03 +9.7779e-01
 243  +2.2878e-03  +2.3072e-03  +2.3252e-03  +2.3416e-03  +2.3315e-03  +2.3163e-03  +2.3003e-03  +2.2839e-03 +1.1639e-03 +9.7779e-01
 244  +2.2874e-03  +2.3063e-03  +2.3239e-03  +2.3399e-03  +2.3301e-03  +2.3152e-03  +2.2996e-03  +2.2836e-03 +1.1394e-03 +9.7779e-01
 245  +2.2869e-03  +2.3054e-03  +2.3227e-03  +2.3383e-03  +2.3287e-03  +2.3141e-03  +2.2989e-03  +2.2832e-03 +1.1153e-03 +9.7779e-01
 246  +2.2865e-03  +2.3046e-03  +2.3215e-03  +2.3367e-03  +2.3273e-03  +2.3131e-03  +2.2982e-03  +2.2829e-03 +1.0917e-03 +9.7779e-01
 247  +2.2861e-03  +2.3038e-03  +2.3203e-03  +2.3352e-03  +2.3260e-03  +2.3121e-03  +2.2975e-03  +2.2825e-03 +1.0686e-03 +9.7779e-01
 248  +2.2857e-03  +2.3030e-03  +2.3191e-03  +2.3337e-03  +2.3247e-03  +2.3111e-03  +2.2968e-03  +2.2822e-03 +1.0460e-03 +9.7779e-01
 249  +2.2853e-03  +2.3022e-03  +2.3179e-03  +2.3322e-03  +2.3235e-03  +2.3101e-03  +2.2962e-03  +2.2819e-03 +1.0238e-03 +9.7779e-01
 250  +2.2849e-03  +2.3014e-03  +2.3168e-03  +2.3308e-03  +2.3222e-03  +2.3092e-03  +2.2955e-03  +2.2816e-03 +1.0021e-03 +9.7779e-01
 251  +2.2845e-03  +2.3007e-03  +2.3157e-03  +2.3294e-03  +2.3210e-03  +2.3083e-03  +2.2949e-03  +2.2812e-03 +9.8075e-04 +9.7779e-01
 252  +2.2841e-03  +2.2999e-03  +2.3147e-03  +2.3280e-03  +2.3198e-03  +2.3074e-03  +2.2943e-03  +2.2809e-03 +9.5989e-04 +9.7779e-01
 253  +2.2837e-03  +2.2992e-03  +2.3136e-03  +2.3267e-03  +2.3187e-03  +2.3065e-03  +2.2937e-03  +2.2806e-03 +9.3945e-04 +9.7779e-01
 254  +2.2834e-03  +2.2985e-03  +2.3126e-03  +2.3254e-03  +2.3175e-03  +2.3056e-03  +2.2931e-03  +2.2803e-03 +9.1942e-04 +9.7779e-01
 255  +2.2830e-03  +2.2978e-03  +2.3116e-03  +2.3241e-03  +2.3164e-03  +2.3048e-03  +2.2926e-03  +2.2801e-03 +8.9981e-04 +9.7779e-01
 256  +2.2827e-03  +2.2971e-03  +2.3106e-03  +2.3228e-03  +2.3153e-03  +2.3039e-03  +2.2920e-03  +2.2798e-03 +8.8060e-04 +9.7779e-01
 257  +2.2824e-03  +2.2965e-03  +2.3097e-03  +2.3216e-03  +2.3143e-03  +2.3031e-03  +2.2915e-03  +2.2795e-03 +8.6178e-04 +9.7779e-01
 258  +2.2820e-03  +2.2958e-03  +2.3087e-03  +2.3204e-03  +2.3132e-03  +2.3023e-03  +2.2909e-03  +2.2793e-03 +8.4334e-04 +9.7779e-01
 259  +2.2817e-03  +2.2952e-03  +2.3078e-03  +2.3192e-03  +2.3122e-03  +2.3016e-03  +2.2904e-03  +2.2790e-03 +8.2529e-04 +9.7779e-01
 260  +2.2814e-03  +2.2946e-03  +2.3069e-03  +2.3181e-03  +2.3112e-03  +2.3008e-03  +2.2899e-03  +2.2787e-03 +8.0761e-04 +9.7779e-01
 261  +2.2811e-03  +2.2940e-03  +2.3060e-03  +2.3170e-03  +2.3102e-03  +2.3001e-03  +2.2894e-03  +2.2785e-03 +7.9029e-04 +9.7779e-01
 262  +2.2808e-03  +2.2934e-03  +2.3052e-03  +2.3159e-03  +2.3093e-03  +2.2994e-03  +2.2889e-03  +2.2782e-03 +7.7334e-04 +9.7779e-01
 263  +2.2805e-03  +2.2928e-03  +2.3044e-03  +2.3148e-03  +2.3084e-03  +2.2986e-03  +2.2884e-03  +2.2780e-03 +7.5673e-04 +9.7779e-01
 264  +2.2802e-03  +2.2923e-03  +2.3035e-03  +2.3137e-03  +2.3075e-03  +2.2980e-03  +2.2880e-03  +2.2778e-03 +7.4047e-04 +9.7779e-01
 265  +2.2799e-03  +2.2917e-03  +2.3027e-03  +2.3127e-03  +2.3066e-03  +2.2973e-03  +2.2875e-03  +2.2776e-03 +7.2454e-04 +9.7779e-01
 266  +2.2797e-03  +2.2912e-03  +2.3020e-03  +2.3117e-03  +2.3057e-03  +2.2966e-03  +2.2871e-03  +2.2773e-03 +7.0895e-04 +9.7779e-01
 267  +2.2794e-03  +2.2907e-03  +2.3012e-03  +2.3107e-03  +2.3049e-03  +2.2960e-03  +2.2867e-03  +2.2771e-03 +6.9368e-04 +9.7779e-01
 268  +2.2791e-03  +2.2902e-03  +2.3004e-03  +2.3098e-03  +2.3040e-03  +2.2953e-03  +2.2862e-03  +2.2769e-03 +6.7874e-04 +9.7779e-01
 269  +2.2789e-03  +2.2897e-03  +2.2997e-03  +2.3088e-03  +2.3032e-03  +2.2947e-03  +2.2858e-03  +2.2767e-03 +6.6410e-04 +9.7779e-01
 270  +2.2786e-03  +2.2892e-03  +2.2990e-03  +2.3079e-03  +2.3024e-03  +2.2941e-03  +2.2854e-03  +2.2765e-03 +6.4977e-04 +9.7779e-01
 271  +2.2784e-03  +2.2887e-03  +2.2983e-03  +2.3070e-03  +2.3017e-03  +2.2935e-03  +2.2850e-03  +2.2763e-03 +6.3574e-04 +9.7779e-01
 272  +2.2781e-03  +2.2882e-03  +2.2976e-03  +2.3061e-03  +2.3009e-03  +2.2930e-03  +2.2846e-03  +2.2761e-03 +6.2200e-04 +9.7779e-01
 273  +2.2779e-03  +2.2878e-03  +2.2970e-03  +2.3053e-03  +2.3002e-03  +2.2924e-03  +2.2842e-03  +2.2759e-03 +6.0856e-04 +9.7779e-01
 274  +2.2777e-03  +2.2873e-03  +2.2963e-03  +2.3045e-03  +2.2994e-03  +2.2918e-03  +2.2839e-03  +2.2757e-03 +5.9539e-04 +9.7779e-01
 275  +2.2774e-03  +2.2869e-03  +2.2957e-03  +2.3036e-03  +2.2987e-03  +2.2913e-03  +2.2835e-03  +2.2755e-03 +5.8251e-04 +9.7779e-01
 276  +2.2772e-03  +2.2864e-03  +2.2950e-03  +2.3028e-03  +2.2980e-03  +2.2908e-03  +2.2832e-03  +2.2754e-03 +5.6989e-04 +9.7779e-01
 277  +2.2770e-03  +2.2860e-03  +2.2944e-03  +2.3020e-03  +2.2974e-03  +2.2903e-03  +2.2828e-03  +2.2752e-03 +5.5754e-04 +9.7779e-01
 278  +2.2768e-03  +2.2856e-03  +2.2938e-03  +2.3013e-03  +2.2967e-03  +2.2898e-03  +2.2825e-03  +2.2750e-03 +5.4546e-04 +9.7779e-01
 279  +2.2766e-03  +2.2852e-03  +2.2932e-03  +2.3005e-03  +2.2961e-03  +2.2893e-03  +2.2821e-03  +2.2749e-03 +5.3362e-04 +9.7779e-01
 280  +2.2764e-03  +2.2848e-03  +2.2927e-03  +2.2998e-03  +2.2954e-03  +2.2888e-03  +2.2818e-03  +2.2747e-03 +5.2204e-04 +9.7779e-01
 281  +2.2762e-03  +2.2844e-03  +2.2921e-03  +2.2991e-03  +2.2948e-03  +2.2883e-03  +2.2815e-03  +2.2745e-03 +5.1071e-04 +9.7779e-01
 282  +2.2760e-03  +2.2841e-03  +2.2916e-03  +2.2984e-03  +2.2942e-03  +2.2879e-03  +2.2812e-03  +2.2744e-03 +4.9961e-04 +9.7779e-01
 283  +2.2758e-03  +2.2837e-03  +2.2910e-03  +2.2977e-03  +2.2936e-03  +2.2874e-03  +2.2809e-03  +2.2742e-03 +4.8875e-04 +9.7779e-01
 284  +2.2756e-03  +2.2833e-03  +2.2905e-03  +2.2970e-03  +2.2930e-03  +2.2870e-03  +2.2806e-03  +2.2741e-03 +4.7812e-04 +9.7779e-01
 285  +2.2755e-03  +2.2830e-03  +2.2900e-03  +2.2964e-03  +2.2925e-03  +2.2865e-03  +2.2803e-03  +2.2739e-03 +4.6772e-04 +9.7779e-01
 286  +2.2753e-03  +2.2826e-03  +2.2895e-03  +2.2957e-03  +2.2919e-03  +2.2861e-03  +2.2800e-03  +2.2738e-03 +4.5754e-04 +9.7779e-01
 287  +2.2751e-03  +2.2823e-03  +2.2890e-03  +2.2951e-03  +2.2914e-03  +2.2857e-03  +2.2797e-03  +2.2737e-03 +4.4758e-04 +9.7779e-01
 288  +2.2749e-03  +2.2820e-03  +2.2885e-03  +2.2945e-03  +2.2908e-03  +2.2853e-03  +2.2795e-03  +2.2735e-03 +4.3783e-04 +9.7779e-01
 289  +2.2748e-03  +2.2817e-03  +2.2881e-03  +2.2939e-03  +2.2903e-03  +2.2849e-03  +2.2792e-03  +2.2734e-03 +4.2828e-04 +9.7779e-01
 290  +2.2746e-03  +2.2813e-03  +2.2876e-03  +2.2933e-03  +2.2898e-03  +2.2845e-03  +2.2790e-03  +2.2733e-03 +4.1895e-04 +9.7779e-01
 291  +2.2745e-03  +2.2810e-03  +2.2872e-03  +2.2927e-03  +2.2893e-03  +2.2841e-03  +2.2787e-03  +2.2731e-03 +4.0981e-04 +9.7779e-01
 292  +2.2743e-03  +2.2807e-03  +2.2867e-03  +2.2922e-03  +2.2888e-03  +2.2838e-03  +2.2785e-03  +2.2730e-03 +4.0086e-04 +9.7779e-01
 293  +2.2742e-03  +2.2805e-03  +2.2863e-03  +2.2916e-03  +2.2884e-03  +2.2834e-03  +2.2782e-03  +2.2729e-03 +3.9211e-04 +9.7779e-01
 294  +2.2740e-03  +2.2802e-03  +2.2859e-03  +2.2911e-03  +2.2879e-03  +2.2831e-03  +2.2780e-03  +2.2728e-03 +3.8355e-04 +9.7779e-01
 295  +2.2739e-03  +2.2799e-03  +2.2855e-03  +2.2906e-03  +2.2875e-03  +2.2827e-03  +2.2777e-03  +2.2727e-03 +3.7517e-04 +9.7779e-01
 296  +2.2737e-03  +2.2796e-03  +2.2851e-03  +2.2901e-03  +2.2870e-03  +2.2824e-03  +2.2775e-03  +2.2725e-03 +3.6697e-04 +9.7779e-01
 297  +2.2736e-03  +2.2793e-03  +2.2847e-03  +2.2896e-03  +2.2866e-03  +2.2821e-03  +2.2773e-03  +2.2724e-03 +3.5895e-04 +9.7779e-01
 298  +2.2735e-03  +2.2791e-03  +2.2843e-03  +2.2891e-03  +2.2862e-03  +2.2817e-03  +2.2771e-03  +2.2723e-03 +3.5110e-04 +9.7779e-01
 299  +2.2733e-03  +2.2788e-03  +2.2840e-03  +2.2886e-03  +2.2857e-03  +2.2814e-03  +2.2769e-03  +2.2722e-03 +3.4342e-04 +9.7779e-01
 300  +2.2732e-03  +2.2786e-03  +2.2836e-03  +2.2881e-03  +2.2853e-03  +2.2811e-03  +2.2767e-03  +2.2721e-03 +3.3590e-04 +9.7779e-01
 301  +2.2731e-03  +2.2783e-03  +2.2832e-03  +2.2877e-03  +2.2849e-03  +2.2808e-03  +2.2765e-03  +2.2720e-03 +3.2855e-04 +9.7779e-01
 302  +2.2730e-03  +2.2781e-03  +2.2829e-03  +2.2872e-03  +2.2846e-03  +2.2805e-03  +2.2763e-03  +2.2719e-03 +3.2135e-04 +9.7779e-01
 303  +2.2728e-03  +2.2779e-03  +2.2825e-03  +2.2868e-03  +2.2842e-03  +2.2802e-03  +2.2761e-03  +2.2718e-03 +3.1431e-04 +9.7779e-01
 304  +2.2727e-03  +2.2776e-03  +2.2822e-03  +2.2864e-03  +2.2838e-03  +2.2799e-03  +2.2759e-03  +2.2717e-03 +3.0743e-04 +9.7779e-01
 305  +2.2726e-03  +2.2774e-03  +2.2819e-03  +2.2860e-03  +2.2835e-03  +2.2797e-03  +2.2757e-03  +2.2716e-03 +3.0069e-04 +9.7779e-01
 306  +2.2725e-03  +2.2772e-03  +2.2816e-03  +2.2855e-03  +2.2831e-03  +2.2794e-03  +2.2755e-03  +2.2715e-03 +2.9409e-04 +9.7779e-01
 307  +2.2724e-03  +2.2770e-03  +2.2813e-03  +2.2851e-03  +2.2828e-03  +2.2791e-03  +2.2753e-03  +2.2715e-03 +2.8764e-04 +9.7779e-01
 308  +2.2723e-03  +2.2768e-03  +2.2810e-03  +2.2848e-03  +2.2824e-03  +2.2789e-03  +2.2752e-03  +2.2714e-03 +2.8133e-04 +9.7779e-01
 309  +2.2722e-03  +2.2766e-03  +2.2807e-03  +2.2844e-03  +2.2821e-03  +2.2786e-03  +2.2750e-03  +2.2713e-03 +2.7516e-04 +9.7779e-01
 310  +2.2721e-03  +2.2764e-03  +2.2804e-03  +2.2840e-03  +2.2818e-03  +2.2784e-03  +2.2748e-03  +2.2712e-03 +2.6912e-04 +9.7779e-01
 311  +2.2720e-03  +2.2762e-03  +2.2801e-03  +2.2836e-03  +2.2815e-03  +2.2781e-03  +2.2747e-03  +2.2711e-03 +2.6321e-04 +9.7779e-01
 312  +2.2719e-03  +2.2760e-03  +2.2798e-03  +2.2833e-03  +2.2811e-03  +2.2779e-03  +2.2745e-03  +2.2710e-03 +2.5743e-04 +9.7779e-01
 313  +2.2718e-03  +2.2758e-03  +2.2795e-03  +2.2829e-03  +2.2808e-03  +2.2777e-03  +2.2744e-03  +2.2710e-03 +2.5178e-04 +9.7779e-01
 314  +2.2717e-03  +2.2756e-03  +2.2793e-03  +2.2826e-03  +2.2805e-03  +2.2775e-03  +2.2742e-03  +2.2709e-03 +2.4624e-04 +9.7779e-01
 315  +2.2716e-03  +2.2754e-03  +2.2790e-03  +2.2823e-03  +2.2803e-03  +2.2772e-03  +2.2741e-03  +2.2708e-03 +2.4083e-04 +9.7779e-01
 316  +2.2715e-03  +2.2753e-03  +2.2788e-03  +2.2819e-03  +2.2800e-03  +2.2770e-03  +2.2739e-03  +2.2707e-03 +2.3554e-04 +9.7779e-01
 317  +2.2714e-03  +2.2751e-03  +2.2785e-03  +2.2816e-03  +2.2797e-03  +2.2768e-03  +2.2738e-03  +2.2707e-03 +2.3036e-04 +9.7779e-01
 318  +2.2713e-03  +2.2749e-03  +2.2783e-03  +2.2813e-03  +2.2794e-03  +2.2766e-03  +2.2736e-03  +2.2706e-03 +2.2529e-04 +9.7779e-01
 319  +2.2712e-03  +2.2748e-03  +2.2780e-03  +2.2810e-03  +2.2792e-03  +2.2764e-03  +2.2735e-03  +2.2705e-03 +2.2034e-04 +9.7779e-01
 320  +2.2712e-03  +2.2746e-03  +2.2778e-03  +2.2807e-03  +2.2789e-03  +2.2762e-03  +2.2734e-03  +2.2705e-03 +2.1549e-04 +9.7779e-01
 321  +2.2711e-03  +2.2744e-03  +2.2776e-03  +2.2804e-03  +2.2787e-03  +2.2760e-03  +2.2732e-03  +2.2704e-03 +2.1075e-04 +9.7779e-01
 322  +2.2710e-03  +2.2743e-03  +2.2773e-03  +2.2801e-03  +2.2784e-03  +2.2758e-03  +2.2731e-03  +2.2703e-03 +2.0611e-04 +9.7779e-01
 323  +2.2709e-03  +2.2741e-03  +2.2771e-03  +2.2798e-03  +2.2782e-03  +2.2756e-03  +2.2730e-03  +2.2703e-03 +2.0157e-04 +9.7779e-01
 324  +2.2709e-03  +2.2740e-03  +2.2769e-03  +2.2796e-03  +2.2779e-03  +2.2755e-03  +2.2729e-03  +2.2702e-03 +1.9713e-04 +9.7779e-01
 325  +2.2708e-03  +2.2738e-03  +2.2767e-03  +2.2793e-03  +2.2777e-03  +2.2753e-03  +2.2728e-03  +2.2702e-03 +1.9279e-04 +9.7779e-01
 326  +2.2707e-03  +2.2737e-03  +2.2765e-03  +2.2790e-03  +2.2775e-03  +2.2751e-03  +2.2726e-03  +2.2701e-03 +1.8854e-04 +9.7779e-01
 327  +2.2706e-03  +2.2736e-03  +2.2763e-03  +2.2788e-03  +2.2773e-03  +2.2750e-03  +2.2725e-03  +2.2701e-03 +1.8439e-04 +9.7779e-01
 328  +2.2706e-03  +2.2734e-03  +2.2761e-03  +2.2785e-03  +2.2770e-03  +2.2748e-03  +2.2724e-03  +2.2700e-03 +1.8032e-04 +9.7779e-01
 329  +2.2705e-03  +2.2733e-03  +2.2759e-03  +2.2783e-03  +2.2768e-03  +2.2746e-03  +2.2723e-03  +2.2699e-03 +1.7635e-04 +9.7779e-01
 330  +2.2704e-03  +2.2732e-03  +2.2757e-03  +2.2781e-03  +2.2766e-03  +2.2745e-03  +2.2722e-03  +2.2699e-03 +1.7246e-04 +9.7779e-01
 331  +2.2704e-03  +2.2731e-03  +2.2756e-03  +2.2778e-03  +2.2764e-03  +2.2743e-03  +2.2721e-03  +2.2698e-03 +1.6866e-04 +9.7779e-01
 332  +2.2703e-03  +2.2729e-03  +2.2754e-03  +2.2776e-03  +2.2762e-03  +2.2742e-03  +2.2720e-03  +2.2698e-03 +1.6494e-04 +9.7779e-01
 333  +2.2703e-03  +2.2728e-03  +2.2752e-03  +2.2774e-03  +2.2760e-03  +2.2740e-03  +2.2719e-03  +2.2697e-03 +1.6130e-04 +9.7779e-01
 334  +2.2702e-03  +2.2727e-03  +2.2750e-03  +2.2772e-03  +2.2759e-03  +2.2739e-03  +2.2718e-03  +2.2697e-03 +1.5774e-04 +9.7779e-01
 335  +2.2701e-03  +2.2726e-03  +2.2749e-03  +2.2769e-03  +2.2757e-03  +2.2737e-03  +2.2717e-03  +2.2696e-03 +1.5426e-04 +9.7779e-01
 336  +2.2701e-03  +2.2725e-03  +2.2747e-03  +2.2767e-03  +2.2755e-03  +2.2736e-03  +2.2716e-03  +2.2696e-03 +1.5086e-04 +9.7779e-01
 337  +2.2700e-03  +2.2724e-03  +2.2746e-03  +2.2765e-03  +2.2753e-03  +2.2735e-03  +2.2715e-03  +2.2696e-03 +1.4753e-04 +9.7779e-01
 338  +2.2700e-03  +2.2723e-03  +2.2744e-03  +2.2763e-03  +2.2751e-03  +2.2733e-03  +2.2714e-03  +2.2695e-03 +1.4427e-04 +9.7779e-01
 339  +2.2699e-03  +2.2722e-03  +2.2742e-03  +2.2761e-03  +2.2750e-03  +2.2732e-03  +2.2714e-03  +2.2695e-03 +1.4109e-04 +9.7779e-01
 340  +2.2699e-03  +2.2721e-03  +2.2741e-03  +2.2759e-03  +2.2748e-03  +2.2731e-03  +2.2713e-03  +2.2694e-03 +1.3797e-04 +9.7779e-01
 341  +2.2698e-03  +2.2720e-03  +2.2740e-03  +2.2758e-03  +2.2746e-03  +2.2730e-03  +2.2712e-03  +2.2694e-03 +1.3493e-04 +9.7779e-01
 342  +2.2698e-03  +2.2719e-03  +2.2738e-03  +2.2756e-03  +2.2745e-03  +2.2728e-03  +2.2711e-03  +2.2693e-03 +1.3195e-04 +9.7779e-01
 343  +2.2697e-03  +2.2718e-03  +2.2737e-03  +2.2754e-03  +2.2743e-03  +2.2727e-03  +2.2710e-03  +2.2693e-03 +1.2903e-04 +9.7779e-01
 344  +2.2697e-03  +2.2717e-03  +2.2735e-03  +2.2752e-03  +2.2742e-03  +2.2726e-03  +2.2710e-03  +2.2693e-03 +1.2618e-04 +9.7779e-01
 345  +2.2696e-03  +2.2716e-03  +2.2734e-03  +2.2751e-03  +2.2740e-03  +2.2725e-03  +2.2709e-03  +2.2692e-03 +1.2339e-04 +9.7779e-01
 346  +2.2696e-03  +2.2715e-03  +2.2733e-03  +2.2749e-03  +2.2739e-03  +2.2724e-03  +2.2708e-03  +2.2692e-03 +1.2067e-04 +9.7779e-01
 347  +2.2695e-03  +2.2714e-03  +2.2731e-03  +2.2747e-03  +2.2738e-03  +2.2723e-03  +2.2707e-03  +2.2692e-03 +1.1800e-04 +9.7779e-01
 348  +2.2695e-03  +2.2713e-03  +2.2730e-03  +2.2746e-03  +2.2736e-03  +2.2722e-03  +2.2707e-03  +2.2691e-03 +1.1539e-04 +9.7779e-01
 349  +2.2694e-03  +2.2712e-03  +2.2729e-03  +2.2744e-03  +2.2735e-03  +2.2721e-03  +2.2706e-03  +2.2691e-03 +1.1284e-04 +9.7779e-01
 350  +2.2694e-03  +2.2712e-03  +2.2728e-03  +2.2743e-03  +2.2734e-03  +2.2720e-03  +2.2705e-03  +2.2691e-03 +1.1035e-04 +9.7779e-01
 351  +2.2694e-03  +2.2711e-03  +2.2727e-03  +2.2741e-03  +2.2732e-03  +2.2719e-03  +2.2705e-03  +2.2690e-03 +1.0791e-04 +9.7779e-01
 352  +2.2693e-03  +2.2710e-03  +2.2726e-03  +2.2740e-03  +2.2731e-03  +2.2718e-03  +2.2704e-03  +2.2690e-03 +1.0552e-04 +9.7779e-01
 353  +2.2693e-03  +2.2709e-03  +2.2724e-03  +2.2738e-03  +2.2730e-03  +2.2717e-03  +2.2703e-03  +2.2690e-03 +1.0319e-04 +9.7779e-01
 354  +2.2692e-03  +2.2708e-03  +2.2723e-03  +2.2737e-03  +2.2729e-03  +2.2716e-03  +2.2703e-03  +2.2689e-03 +1.0091e-04 +9.7779e-01
 355  +2.2692e-03  +2.2708e-03  +2.2722e-03  +2.2736e-03  +2.2727e-03  +2.2715e-03  +2.2702e-03  +2.2689e-03 +9.8676e-05 +9.7779e-01
 A converged solution was found after 355 iterations.

