
 OUTPUT FROM bailey_pset6_problem3.m 

 Solving A * x = b for a dense system of size n =   20 using Conjugate Gradient Method 

 k+1      x(1)         x(2)         x(3)         x(4)        x(n-3)       x(n-2)       x(n-1)        x(n)        rnorm
------------------------------------------------------------------------------------------------------------------------
 1     12.53270     12.29188     12.07781     11.89051     11.89051     12.07781     12.29188     12.53270 +1.7306e+00 
 2    111.66593     85.00500     61.45646     40.96734     40.96734     61.45646     85.00500    111.66593 +8.9919e-01 
 3    274.53708    127.57597     37.38948    -10.40988    -10.40988     37.38948    127.57597    274.53708 +4.2522e-01 
 4    389.74162     78.91811    -23.26409    -29.59223    -29.59223    -23.26409     78.91811    389.74162 +1.6894e-01 
 5    431.81025     23.51815    -24.45326      1.04955      1.04955    -24.45326     23.51815    431.81025 +5.4059e-02 
 6    440.09496      3.45210     -6.70288      5.99405      5.99405     -6.70288      3.45210    440.09496 +1.3350e-02 
 7    440.95565      0.23496     -0.70506      1.26338      1.26338     -0.70506      0.23496    440.95565 +2.3984e-03 
 8    440.99967      0.00847     -0.02669      0.08056      0.08056     -0.02669      0.00847    440.99967 +1.6072e-03 
 9    440.99909      0.00616     -0.02625      0.07303      0.07303     -0.02625      0.00616    440.99909 +2.8578e-04 
10    441.00000      0.00004     -0.00023      0.00092      0.00091     -0.00024      0.00004    440.99999 +1.7374e-05 
x is the converged solution to Ax = b in 10 iterations. 

 s      center         radius          ratio
------------------------------------------------------------------------------

  1 +2.15959400e-03 +2.05161430e-02 +9.50000000e+00
  2 +4.10322859e-03 +3.89806716e-02 +9.50000000e+00
  3 +5.83090379e-03 +5.53935860e-02 +9.50000000e+00
  4 +7.34261959e-03 +6.97548861e-02 +9.50000000e+00
  5 +8.63837599e-03 +8.20645719e-02 +9.50000000e+00
  6 +9.71817298e-03 +9.23226433e-02 +9.50000000e+00
  7 +1.05820106e-02 +1.00529101e-01 +9.50000000e+00
  8 +1.12298888e-02 +1.06683943e-01 +9.50000000e+00
  9 +1.16618076e-02 +1.10787172e-01 +9.50000000e+00
 10 +1.18777670e-02 +1.12838786e-01 +9.50000000e+00
 11 +1.18777670e-02 +1.12838786e-01 +9.50000000e+00
 12 +1.16618076e-02 +1.10787172e-01 +9.50000000e+00
 13 +1.12298888e-02 +1.06683943e-01 +9.50000000e+00
 14 +1.05820106e-02 +1.00529101e-01 +9.50000000e+00
 15 +9.71817298e-03 +9.23226433e-02 +9.50000000e+00
 16 +8.63837599e-03 +8.20645719e-02 +9.50000000e+00
 17 +7.34261959e-03 +6.97548861e-02 +9.50000000e+00
 18 +5.83090379e-03 +5.53935860e-02 +9.50000000e+00
 19 +4.10322859e-03 +3.89806716e-02 +9.50000000e+00
 20 +2.15959400e-03 +2.05161430e-02 +9.50000000e+00
 s       lambda          hsame           hdiff               v(1)          v(2)         v(3)         v(4)        v(n-3)        v(n-2)       v(n-1)       v(n)
--------------------------------------------------------------------------------------------------------------------------------------------------------------

  1  +1.01510360e-01  
  2  +2.55201092e-02  
  3  +1.14487922e-02  
  4  +6.52497036e-03  
  5  +4.24721782e-03  
  6  +3.01130448e-03  
  7  +2.26757370e-03  
  8  +1.78645051e-03  
  9  +1.45828601e-03  
 10  +1.22535796e-03  
 11  +1.05495031e-03  
 12  +9.27417124e-04  
 13  +8.30405611e-04  
 14  +7.55857899e-04  
 15  +6.98364010e-04  
 16  +6.54214029e-04  
 17  +6.20831659e-04  
 18  +5.96425784e-04  
 19  +5.79772251e-04  
 20  +5.70077069e-04  